16 -19 2 -2 -24 -47 -37 -24
-7 14 12 -4 13 -5 -2 4
5 1 -2 -2 11 4 8 -16
-33 10 1 -4 -7 -5 -4 -8
14 4 -3 -2 7 11 16 8
8 -11 -3 -2 -9 3 -11 14
-18 -1 -4 -3 -13 -2 6 -37
-26 -4 -2 -4 -1 -14 -24 -10
4 9 -8 -1 0 27 20 22
19 -12 13 3 -9 -12 -12 4
-5 -33 -47 -9 -7 -38 -22 11
2 15 19 9 10 15 -12 -24
17 -30 -22 -7 -8 -13 -8 27
9 9 5 1 1 3 7 -7
-11 12 0 -2 6 17 -5 -10
-5 -27 3 -1 -12 -18 -28 -2
-32 -2 -5 -2 1 -4 -8 -9
0 2 0 -4 -22 -16 26 -8
24 7 3 0 18 39 7 63
-22 -20 -10 1 1 9 8 14
13 -16 5 7 3 -3 2 9
-1 -26 -15 -5 -21 -36 0 7
-35 30 21 8 8 4 -20 -19
6 15 -15 -8 9 9 6 -14
-21 -1 18 5 2 14 6 49
12 -3 6 0 1 17 1 -2
-3 7 7 -3 -23 -36 4 -23
-32 -7 -7 -3 0 27 14 -25
-3 -67 -31 -4 1 9 4 9
0 5 -3 -4 -19 -46 20 21
-9 3 1 2 12 14 38 -6
-4 -9 -3 -7 -19 -10 37 13
3 32 11 9 51 23 -4 -42
-23 -30 -5 -3 -4 -1 -14 -26
2 -31 -10 -7 -5 -9 -9 -9
4 23 13 0 -6 3 6 -22
-13 -12 -9 -2 -14 0 -27 15
32 18 15 3 0 8 2 3
5 38 12 2 10 1 0 -25
17 -9 -9 -4 -12 7 -4 -11
0 6 7 -1 7 8 6 27
-11 -14 -5 0 -6 -15 -10 -30
13 -20 -15 -5 -14 -6 -7 53
5 16 8 2 7 -19 1 20
-4 26 12 0 -7 -3 22 16
-10 11 6 5 8 -8 -15 2
18 13 3 3 -1 -3 31 3
0 -15 -7 3 8 -10 -47 14
-8 9 9 -3 1 -2 11 -24
-8 10 9 -2 -5 -14 -6 1
-37 -41 -7 -2 -1 -11 -23 3
10 14 -15 -2 7 22 0 18
-7 -2 -1 -3 -21 1 -8 -11
-7 -8 -2 -3 4 4 -1 3
0 15 20 4 -13 -8 -18 -16
-54 -24 -6 -2 18 -2 -4 -15
7 6 -7 -5 12 11 4 39
-28 -12 -7 0 15 29 -47 -30
1 18 18 2 -3 -13 -8 -7
-3 -39 -17 -7 -10 1 1 -28
2 24 5 1 -15 -31 -26 -13
5 3 -3 -1 3 6 7 13
40 -22 -20 1 31 19 -18 31
-1 16 8 -1 -22 -22 -22 -7
-37 -25 -2 -5 -15 -25 -1 -4
13 -1 -19 -9 -17 -1 16 26
-33 5 6 -1 2 5 -12 -27
-5 9 9 2 -9 -31 2 1
15 -24 -8 -2 2 15 4 3
-1 6 13 2 -3 13 16 10
-1 13 -6 -7 -22 6 -6 4
-4 -46 -25 -5 2 4 1 -48
-4 -3 2 7 25 14 10 20
7 -10 1 -3 3 2 10 -3
-21 -1 1 1 -1 -12 -14 -24
10 29 16 2 1 5 9 -10
-5 -19 -9 -6 -13 -9 17 8
-8 29 17 3 -1 10 -6 -10
-2 -51 -43 -9 -13 -12 6 -5
-9 -15 1 -2 -6 -7 -26 10
-12 -8 -9 -3 7 5 1 -34
1 12 17 4 -5 -15 6 12
-11 33 17 -5 -10 -26 2 -19
22 -1 -12 -1 12 6 21 32
20 13 0 1 5 -2 8 15
-4 9 -3 -2 3 -3 -24 -11
-5 -18 -7 -2 -13 -24 33 -1
0 7 9 2 26 47 34 -12
9 3 12 -2 -7 -22 -28 -19
-8 1 -16 -6 -16 -25 14 9
-4 19 10 3 15 14 10 -26
29 17 -3 -3 -3 5 -11 11
-17 -7 -16 -1 -3 4 3 -23
32 1 17 6 -2 -2 0 19
-7 0 0 0 2 6 -15 14
-7 9 12 2 6 22 -13 28
10 30 7 -1 -14 -49 1 -31
-1 -17 -13 -4 12 29 15 16
-7 -2 10 2 -3 6 21 23
-10 -13 -7 -2 8 -14 -21 -26
-12 13 2 -6 -10 -6 -3 9
-13 2 -15 -4 16 22 22 -39
-11 33 25 1 -15 -1 -19 -18
-9 -28 -27 -1 2 -5 11 34
6 -19 10 9 9 32 5 9
3 5 -20 -8 -3 -14 -8 -15
-11 -10 7 1 4 13 -2 4
-10 26 13 -1 -10 -9 18 -25
-17 -34 -11 -1 -2 5 -21 15
-16 -26 -5 -1 -14 -12 -17 -17
-7 3 -5 -3 -5 -4 -3 7
10 5 21 6 5 -8 -14 21
0 28 12 -2 11 41 3 -6
-16 -21 -13 1 -4 -1 0 3
-6 -6 -8 -5 -42 -20 -6 18
-27 0 13 -4 -8 -4 6 -13
-20 37 7 -1 -4 1 12 -7
5 -43 -10 -1 14 12 -18 4
-22 -17 -16 -10 -9 -8 28 1
21 21 -4 -1 -6 13 9 -14
24 7 15 0 -18 -37 -40 37
-40 3 5 1 -21 -17 -3 19
20 -33 -9 3 28 32 -22 -17
-11 7 2 -2 -6 -17 -13 -17
-20 -28 -15 -8 -13 -6 22 -29
15 9 7 6 12 2 18 27
16 26 3 4 42 29 -29 3
-19 -13 -14 -1 10 1 -16 52
25 -2 2 2 5 17 34 32
-11 -1 -2 -2 1 19 31 6
-9 20 4 4 1 -14 -3 -1
-22 -19 -7 -6 -4 2 3 -18
-3 2 -3 -1 -11 -20 8 28
-13 16 10 -3 -5 -8 30 -31
38 -11 -25 -6 7 9 -11 34
-31 26 -2 -6 -23 5 -6 -6
3 -23 -8 -2 3 5 -11 -21
-9 24 16 -4 -7 -7 -16 -39
-10 -63 -24 -6 -1 7 7 -12
-17 -8 -6 -9 -30 -31 -7 16
-8 -8 1 1 -3 14 26 -37
-32 38 15 -1 9 16 30 -7
9 -9 -1 -1 -18 -21 -18 -21
9 -9 7 11 16 5 -10 8
-23 -34 -7 -2 -17 -21 -31 1
16 -4 1 4 2 -1 -16 12
-6 38 23 7 8 -3 9 1
9 -7 12 0 -4 -15 15 -33
13 30 -5 1 2 0 -14 29
16 -36 -28 -8 -1 27 -10 1
29 12 8 0 5 2 9 -11
5 -27 -7 4 9 35 13 -15
-6 14 13 -2 12 -1 -27 -10
6 -20 -22 -7 -9 -16 -29 -21
-18 10 -9 1 5 9 26 5
16 14 19 1 15 7 15 8
-6 -18 -23 -2 3 -1 8 -12
30 7 10 5 11 0 -29 10
-15 -5 -11 -4 3 16 -8 -37
-20 -13 7 0 -24 -34 3 13
-5 -11 1 -1 -1 1 -7 -17
5 40 8 -2 -6 -12 7 -3
9 -3 -10 -2 -10 -14 13 14
-27 -14 -2 -4 13 11 -22 -1
25 16 1 0 -3 18 42 1
-23 -1 11 0 -2 -19 -31 37
-22 -12 8 1 -7 -1 1 -12
-9 3 -30 -9 -13 -16 -11 -21
-20 -38 -5 -4 -2 -11 -24 -28
-13 1 -9 -5 -6 -3 3 7
-2 32 33 6 5 8 1 1
2 -25 -9 -7 -24 -10 -11 22
-18 23 4 3 -2 -10 0 -1
-28 -14 0 -7 -6 -2 9 3
11 0 -1 -4 -15 -23 -30 17
13 4 2 3 21 24 10 -1
9 37 24 -2 -31 -16 39 26
28 -63 -23 6 50 49 1 84
-27 -5 4 -7 -7 -19 -14 -40
4 10 -9 -1 3 5 20 -27
-22 -5 1 -1 -5 -19 -35 -16
5 10 11 1 -7 -10 11 9
-8 31 -2 1 3 5 23 20
-2 -42 -19 -6 3 -2 -24 -2
-1 -8 -5 -1 -3 -3 -4 -12
6 10 3 0 -3 17 1 -54
-29 -20 -14 -6 15 18 -3 11
18 37 6 2 -10 -44 -3 -5
1 8 2 2 30 35 14 23
-8 -30 -5 3 15 -3 -14 -36
-4 19 1 2 5 8 20 12
-26 -9 6 0 -10 -2 -7 -2
-5 14 3 -1 -7 -4 -15 -18
-3 -2 2 -5 -12 -30 2 -3
-6 19 17 7 5 11 14 3
-6 -1 6 4 8 1 -12 -6
-11 -19 -23 -10 -8 -14 -39 -14
-24 -7 -9 -3 -23 -17 -6 12
0 -23 -1 -7 -38 -23 -16 -9
-38 24 11 2 16 18 -6 8
15 -33 -5 -1 11 7 2 -2
-14 10 6 -2 0 -7 3 -10
-1 -3 -1 -1 4 9 21 -6
0 9 1 0 8 5 -1 33
-10 14 -2 -1 1 29 4 7
-12 36 6 1 -4 -17 5 -20
45 -58 -15 -5 12 -8 0 -17
-29 -27 -8 -1 -3 6 -3 -57
13 23 11 3 -3 -18 11 65
5 8 6 3 -14 12 2 -10
-6 -3 -2 0 -6 -10 -12 33
4 10 6 1 6 26 8 -7
-5 -9 -6 -1 -4 -10 -3 7
9 -15 10 -3 -23 -19 -3 -21
-1 35 14 5 19 19 38 4
-22 -14 -7 -6 -11 -14 -18 14
-24 -4 -9 -6 -9 2 -2 -14
31 25 -2 0 12 29 0 13
7 -22 -1 -3 -15 -30 -29 -36
21 1 8 1 0 3 6 -11
1 24 12 3 4 16 -26 -1
-2 -21 -20 -4 8 -2 -26 39
-2 -4 -5 -2 -26 -37 -9 16
20 27 9 6 26 34 8 -4
-19 -7 -4 -6 -8 -9 7 -13
6 12 2 -1 -5 -1 6 -3
-16 -37 -18 -8 6 10 -7 -16
8 16 7 -3 -26 -32 -2 42
4 0 -8 3 20 19 30 -25
-16 -27 8 -3 -6 -13 8 -22
-18 12 -1 2 6 16 -12 2
27 -1 -3 -3 -4 -13 -38 -17
-17 -1 11 1 1 16 6 -2
5 26 -1 -1 5 -6 -19 -10
-14 -25 -14 -5 -6 -2 -13 -6
-2 -14 -2 -4 0 11 -6 -9
14 19 1 0 -18 -47 -16 -4
-16 -21 1 4 29 45 13 3
-8 15 10 5 14 16 1 3
4 -4 -2 -5 -11 -15 20 23
-17 -40 -22 -4 -1 -11 -6 -44
14 16 -7 -3 -7 -19 22 -16
-9 -3 -4 -2 1 17 2 51
-4 -15 5 0 4 3 23 1
-12 4 7 -3 -3 1 11 20
-7 -25 -24 -5 -10 -3 4 4
9 13 1 -2 -9 -8 -7 -17
-12 -31 -12 -2 -5 -5 13 -6
-32 22 6 -7 -10 1 -4 15
2 -58 -24 -6 -13 -22 10 -26
-18 11 -7 -1 10 1 0 -6
-12 8 7 3 13 13 -8 -24
19 -21 -5 0 -6 -5 -18 -9
-18 21 19 3 -4 -2 0 -1
7 -14 -13 -1 6 -2 13 10
-16 -8 -16 -2 -4 -20 -18 20
3 9 7 7 0 15 21 -38
9 42 30 4 23 2 -4 64
-3 21 29 6 5 14 6 6
-41 -33 -36 -9 -13 -5 -2 5
-3 1 -5 -2 0 -12 -3 -11
15 -35 -17 -4 -6 17 22 -13
-10 24 13 4 -2 -41 -50 -7
4 23 13 3 14 22 15 6
-28 -10 5 3 -26 -26 -3 12
-13 3 0 2 2 6 -5 -1
6 -12 -6 -6 -2 -2 12 3
19 7 1 -2 -1 2 6 -8
-3 -34 -15 -4 6 1 -9 1
-1 8 9 2 -25 -16 -16 -7
-15 -12 -4 -1 24 20 4 -7
-16 6 -7 -1 1 2 2 11
28 17 3 0 6 5 8 9
-18 -4 -21 0 12 -13 -12 -10
21 16 26 0 -20 -11 17 -2
-7 0 -10 -7 -20 -21 -2 -15
-9 -21 -5 4 16 23 11 -22
-22 -29 -8 -8 -16 -40 -34 -33
17 19 -15 -6 9 18 9 9
15 9 25 6 -15 -6 -1 -4
20 24 12 3 31 29 32 22
-11 8 -2 -1 -2 -4 -17 4
29 -2 1 0 -6 6 1 -13
3 -7 9 0 -6 -13 -12 7
16 2 -15 -3 5 -8 -20 -12
6 -15 -10 -3 -3 5 -6 28
-41 14 4 -5 -13 -15 -6 -21
-7 -11 -8 2 11 -16 8 -32
14 6 2 -1 3 7 -19 11
12 19 8 0 8 16 24 -2
-18 -19 -10 -2 -21 -4 -14 -6
8 24 10 4 24 38 11 -5
-16 -16 -6 -4 -7 -32 -23 0
-6 -8 -2 -4 -5 17 22 -5
45 1 -14 -6 5 -2 7 18
-14 -6 1 2 -7 8 -2 25
-17 -5 6 1 3 4 -22 -9
7 -36 -26 -7 -4 9 -11 15
-5 5 -2 0 -3 -1 -1 1
18 6 0 -2 -7 -14 4 2
-28 -6 0 -4 -7 -1 14 10
-1 12 11 1 -11 -14 -1 1
2 8 0 -1 -4 -3 -12 -1
8 -11 -13 -4 4 1 4 9
8 -2 0 -7 -33 -31 10 -24
7 26 14 5 21 23 -5 -19
-11 -50 -3 2 -15 -1 -4 8
-1 6 -13 -7 -11 5 1 -23
-35 0 8 -1 -6 -23 0 -4
22 10 0 4 7 11 17 -12
39 43 17 1 -10 -10 -17 -37
26 -73 -38 -6 25 13 1 42
4 -8 -12 2 24 20 11 30
2 39 22 0 -12 -11 5 9
-11 -20 -13 -1 1 6 4 -7
-7 20 13 0 -17 -22 -8 -11
21 -8 -2 -4 -7 5 -8 -10
-19 10 13 5 7 20 -5 19
-9 -1 4 0 -3 -15 -1 20
-12 -6 6 -4 -25 -15 0 -39
-18 2 4 -1 -3 9 1 5
-9 -2 -8 -3 -12 -15 -34 -27
-28 -40 -8 -4 -14 -28 27 18
3 22 5 -1 7 7 6 26
4 5 1 1 -11 -7 -12 -13
15 -6 -3 0 2 -15 37 16
-6 -2 -18 -4 24 22 5 24
-21 6 8 0 -8 -25 -15 -18
-7 -7 1 -1 2 8 5 5
9 -2 0 3 0 38 -24 -11
6 -14 -6 3 25 -3 -1 5
-11 38 26 5 3 0 -2 6
21 -34 1 -3 1 -2 -2 -1
-1 -95 -63 -13 -33 -50 -28 -46
19 25 11 5 2 14 -5 36
-14 6 -1 -3 1 5 -5 -5
-19 25 17 3 5 -11 -2 15
8 -5 -7 -4 -1 -6 -6 11
1 -6 4 -4 -39 -33 -29 -56
14 -3 -3 1 29 16 -10 24
-12 -23 -1 -3 -11 11 25 -1
3 16 2 1 9 -21 10 8
-15 10 -2 -1 7 8 11 -25
33 14 4 -4 -5 8 -1 2
35 1 -8 3 6 -3 0 0
-44 -10 -15 -7 -5 3 17 18
-13 12 2 -4 -16 -1 -7 3
-3 -41 -11 -6 -4 -11 -6 43
4 -3 -13 -2 -2 -1 -1 4
-1 36 12 -1 -7 -3 3 11
-21 -22 2 1 -3 3 -1 -6
10 19 21 10 41 28 22 1
-13 -39 -22 -7 4 7 -8 -18
-11 12 26 8 -1 1 -10 0
17 11 -8 -2 -1 -3 -17 0
-6 -4 -15 1 -8 5 25 -21
-17 3 1 -1 13 10 13 18
16 15 12 4 17 13 5 25
-10 -9 -10 -7 3 4 -4 -12
-30 -23 -18 -7 -38 -34 -30 -40
26 19 7 6 12 3 0 69
-18 -13 4 -3 -21 -3 16 -30
-4 17 17 5 17 8 -6 4
-3 8 -12 -4 -8 0 -2 -11
-11 6 3 -1 -11 -3 10 -10
-3 -6 2 -3 -3 -18 -27 15
-11 -35 -9 -3 -7 -2 5 12
-10 15 3 -2 -10 -3 27 18
17 5 4 3 13 9 -14 -14
-22 -2 -3 -1 21 35 3 -10
11 2 4 1 2 5 3 -9
2 -15 -8 -7 -28 -34 -3 5
-1 13 -4 -1 -4 4 -2 -11
-18 29 11 0 8 3 6 19
-27 6 5 3 5 3 1 1
19 -18 2 -5 -27 -17 -17 -9
-16 -14 -11 -2 -10 -22 1 5
26 4 3 -1 1 -3 -14 -12
-11 -19 -12 -4 1 -5 5 6
-5 -2 21 2 -5 -5 -16 -44
-6 -3 -18 -4 33 27 7 16
-6 -41 -16 1 1 -17 3 -33
10 22 10 0 -17 -33 5 -6
7 -5 -26 2 26 29 -15 29
1 -1 9 -3 -11 -13 -38 -12
-23 4 7 4 5 10 33 -4
38 1 2 -1 -1 -4 1 -34
-15 -2 -2 -1 2 1 -1 1
11 18 0 -1 -9 -7 1 41
8 13 1 0 3 0 -27 -7
4 -26 -8 -1 -6 1 6 4
-9 27 11 -3 11 11 2 -12
-4 -47 -29 -4 -11 -1 -2 11
18 -3 -1 -7 -32 -14 19 -9
-4 24 15 2 27 23 18 26
-6 -18 -23 -8 3 -24 -36 0
-18 18 11 -3 -17 -6 11 -11
12 4 -1 7 29 23 2 7
-11 -21 1 -5 -12 7 -12 -13
-8 5 -6 -4 -4 -2 17 15
-6 -4 12 -2 -20 -8 3 -30
6 -9 -7 -5 0 -1 -6 6
-13 -4 -11 -5 -10 -20 -32 25
-14 -13 9 5 3 16 5 -3
12 60 11 2 5 -8 -10 -17
-3 -19 -12 -5 1 -2 -14 -8
-9 -33 -23 -4 -13 -17 15 28
-5 8 -5 -3 0 3 11 38
8 31 10 8 3 13 5 -29
-21 -51 -25 -10 -4 1 -21 -28
31 17 -5 4 15 8 4 1
14 10 21 3 -13 -7 6 -19
-22 5 18 3 6 2 16 11
-3 -19 -6 -2 -1 -1 17 -8
-1 -24 -5 -1 -5 -10 -14 1
-6 23 22 4 -2 0 -16 -11
-1 -6 -12 -7 -18 2 -13 -12
13 -12 -6 -4 9 -2 -14 17
-1 24 -9 -6 -3 1 -14 -3
-7 1 10 -1 2 -9 -3 -8
-12 -22 -17 -7 -13 -15 9 10
6 29 2 3 3 6 -13 41
13 -27 -1 1 11 35 21 5
0 15 8 3 -7 3 15 -3
17 8 4 5 23 10 -11 7
-26 -20 -1 -2 -7 -18 3 -22
-8 12 -3 -2 -2 -12 -8 -14
11 -23 -17 -2 -9 17 3 3
-13 3 9 -1 7 2 15 -2
-12 -17 -2 -4 -11 -9 8 0
19 67 22 -1 6 2 -8 7
-11 -47 -28 -5 -12 -4 19 -28
-11 16 3 -7 -6 -15 -14 4
23 -8 -8 0 7 7 5 22
-13 -11 9 2 -13 -3 6 -19
0 14 6 7 21 7 -12 1
0 -2 14 5 22 19 -9 -4
41 33 -1 -6 -15 -21 25 -38
-26 -20 -7 -2 2 5 -35 -25
-8 -4 -3 -4 6 -8 -13 3
-26 -16 -11 -1 3 13 2 -14
-20 34 33 7 0 -1 3 14
5 -21 -13 -4 2 -3 9 -12
-12 25 18 0 -1 0 -13 1
14 -64 -40 -10 -5 -18 -10 18
-19 -10 2 3 -3 3 7 -10
9 11 0 -2 -13 -11 16 -10
0 -4 0 1 20 -1 27 -4
6 9 11 4 -5 6 -16 -10
0 29 17 2 -2 9 -23 13
15 13 -5 1 6 -4 -8 21
-13 -29 -7 -6 -16 -1 22 4
5 -2 -8 -2 -3 -9 -3 -24
-3 -3 -6 -4 -2 16 -14 22
-23 1 16 1 -5 2 -2 -4
12 11 -9 -2 1 8 -9 16
8 -1 0 3 2 -6 17 28
-8 -26 7 0 -8 -20 -10 -9
1 12 0 -4 -5 -2 -4 -12
-9 2 -17 -2 3 2 7 -35
2 -6 -3 0 -10 -8 -6 31
14 26 8 0 -6 -12 -23 -32
-4 -2 1 2 0 -17 19 -8
-10 2 2 -1 16 17 10 -1
-9 -32 -3 -2 2 -10 -23 -23
5 4 -18 -4 -13 -1 3 -14
3 -4 3 2 7 2 -9 11
13 -8 0 2 3 -4 -4 3
-27 25 5 -8 -18 -28 -13 -19
14 -7 -7 -1 7 17 -1 6
-25 -21 -4 6 14 15 1 -23
11 0 10 4 -3 -8 -10 4
-6 8 13 2 -9 -8 -1 -14
-14 4 -12 -5 2 -8 3 5
17 -14 -11 -8 -18 3 0 -4
-17 -7 -5 -4 4 5 7 0
-13 -5 7 -4 -20 -16 -9 -28
-11 7 -1 4 10 3 19 8
-7 -21 1 -1 -6 2 -9 10
-7 31 11 0 -5 -5 -5 4
-20 -33 -7 -4 15 6 -15 -7
28 -14 -16 -2 -5 16 3 3
35 -23 -18 -8 12 3 -5 32
-3 -22 -7 1 -9 -12 -15 -12
-6 36 11 -2 0 3 11 10
-21 10 18 2 4 1 -11 -9
18 7 -14 -4 -9 -8 -9 -1
-15 7 3 -2 -2 3 3 13
16 15 3 3 0 4 21 11
-7 -32 -11 -4 -7 -24 -10 -70
-15 10 7 4 -19 -18 9 24
3 1 6 0 -6 1 -7 2
14 -4 4 3 8 24 10 -19
2 12 0 0 -3 -22 -3 -5
-23 11 8 0 -13 -9 17 -21
11 4 5 1 13 -1 -17 59
7 -4 -16 -7 -5 -18 1 4
26 19 -5 5 10 -1 12 26
-24 0 16 -1 1 12 -2 -11
-7 -6 -12 -3 -6 -3 -1 1
3 13 1 2 7 15 26 -4
11 15 3 4 14 3 -4 27
13 8 13 5 -3 0 -2 -2
-14 -20 3 -4 -9 -9 -2 -30
15 3 -10 -1 -7 -1 -11 7
-9 -6 3 -5 -7 1 17 6
7 6 0 3 24 12 -12 -25
-1 -17 -18 -3 4 10 5 5
-18 -19 -6 -4 -21 -5 -5 -4
-2 -15 -16 -6 0 8 -9 19
-21 11 6 -2 -10 6 19 0
3 1 1 4 19 5 -2 1
-3 -14 4 0 16 26 -21 -8
-3 12 16 2 -2 4 17 -4
-14 -28 -24 -8 -11 -12 -8 -4
-33 4 5 -2 -12 7 -2 -3
45 23 10 2 0 -7 10 21
11 -10 -11 1 8 10 -8 -7
12 1 -5 -2 1 -1 6 -10
20 15 5 -4 -8 -19 -4 -14
-25 -4 -8 0 11 1 -3 0
-19 13 1 -3 -7 -3 -12 -5
12 -26 -17 -7 4 0 2 13
-11 -28 -8 -4 -14 -16 -3 -11
-9 26 -3 -4 2 11 -13 21
6 -31 1 -2 -3 -11 -8 -6
1 28 1 2 1 -1 -17 5
20 -2 -11 -1 10 0 16 -22
-7 -9 -7 0 -1 2 -14 -2
3 17 13 3 16 15 19 15
14 -4 -6 0 4 7 4 13
-1 5 6 -1 -9 -6 2 -37
1 17 3 3 4 19 7 -26
-8 -10 4 -4 -14 -18 -8 -3
12 -28 -10 -3 -6 -5 -3 -8
-2 31 16 1 4 17 -19 16
-15 -24 -13 -5 -11 -28 7 2
-13 3 10 -2 -21 -10 -19 -1
-15 -15 -24 -4 33 21 1 -26
36 3 1 -1 5 -1 18 30
-23 -18 5 0 -7 -16 -1 -6
-5 12 -3 0 5 8 -7 10
10 18 13 -1 -7 -22 -1 19
6 -17 -18 -3 -7 -3 -21 -14
-14 -5 3 0 1 2 -5 9
26 10 -10 -1 -2 6 41 -14
-19 8 9 0 -5 3 -1 13
0 19 3 -1 -8 -9 -5 0
1 -13 3 -1 -3 -6 10 -13
-2 -33 -20 0 -1 -2 -3 1
2 2 -7 -2 -9 -6 -5 -4
-10 18 1 1 1 -5 16 -6
-4 -37 -17 -6 -3 -1 -35 -22
-5 17 27 1 -23 -14 -5 -1
-23 -3 3 1 10 6 -5 -4
-2 -18 -1 0 7 6 -1 4
14 3 -3 1 1 -2 -11 24
-26 -41 -20 -1 6 6 2 -7
-4 12 7 2 -12 -15 -22 5
-8 -16 10 -3 -18 -22 6 -15
15 7 -2 -4 5 -23 -4 -5
-13 4 -9 -5 6 28 6 0
5 23 11 3 3 17 13 4
-2 -21 9 2 -3 -1 -18 44
14 23 -9 -7 -1 -5 12 -12
7 -6 1 -4 2 7 23 12
20 1 -5 -1 6 -2 -10 -29
-13 8 -1 2 6 9 -24 -4
5 -4 1 1 -3 -6 17 9
8 30 6 -1 -7 -14 -11 -11
-14 -36 3 -5 -15 -5 0 -4
12 -26 -14 -2 -3 -3 0 -4
-3 7 -4 -1 0 -3 3 -3
-20 29 4 2 5 -3 -16 19
14 0 2 -5 -6 10 1 -14
-30 -34 -7 -5 -34 -37 -7 -13
4 -5 3 5 38 62 22 -11
-3 13 3 -4 -8 2 9 27
-12 -1 -7 2 14 -7 -17 -24
13 35 -4 0 -6 -5 -5 23
-24 32 17 -2 -7 -5 20 -3
-6 -46 -12 -2 -3 -16 -28 -20
-4 -4 -7 -2 3 8 -1 24
-39 6 -4 1 11 6 23 -5
-29 -22 5 0 -18 -16 -34 -17
-4 12 -6 2 -1 -3 -8 -11
-19 5 13 -4 -13 -29 2 11
29 -3 -2 -2 -3 -7 -13 -8
1 -10 -11 -4 -7 6 14 11
-27 -10 7 0 -7 -7 -7 -19
39 1 1 3 -8 -25 7 -7
-9 6 -14 -4 24 34 4 4
13 16 13 -3 -15 -2 3 -22
30 -45 -37 -7 16 -15 -12 0
-4 -27 3 0 3 0 13 -1
13 0 3 -7 -11 -10 -29 -9
-29 4 4 3 -10 3 -14 -3
18 0 6 0 4 -1 -4 -11
2 22 2 5 -3 3 10 0
-7 -17 -1 -7 -14 -3 5 -10
1 -13 -19 5 23 22 13 3
7 13 17 0 -10 -7 -10 1
-10 -9 -18 1 7 15 10 27
17 8 7 2 -1 2 2 -1
-4 39 -4 -5 3 -14 -2 2
-2 -14 -4 -2 -6 -1 -1 -27
29 -1 4 5 3 -4 4 6
-22 2 -3 1 13 -23 -29 0
9 -36 -16 -2 -1 -5 20 49
-16 22 9 6 11 13 7 -4
2 11 17 -3 -12 -5 -1 -19
1 -13 -4 -4 -13 -10 6 -6
-12 -1 -7 -1 1 -4 -13 -19
7 25 6 -6 -14 -14 -10 9
-25 0 5 1 6 19 11 -5
3 56 0 -1 6 11 13 -5
16 -27 -5 -4 -16 -18 -5 -19
-2 -2 -17 -5 0 7 -1 9
-4 9 -16 -9 -1 0 -12 4
12 11 14 2 -4 0 35 8
1 2 9 0 1 -9 -24 23
0 -7 -3 -3 -14 -34 -7 -39
-5 3 2 8 17 50 13 -1
-14 -19 0 -1 -1 -1 -34 4
7 -16 -5 -1 -3 -19 8 2
-2 3 7 2 5 24 5 14
-3 -13 -6 -5 -16 -32 -20 0
-3 11 6 5 5 9 12 -2
11 -11 4 -5 -15 1 -12 -12
5 51 1 -1 -1 -3 -5 8
-16 -51 -19 -9 -1 -5 -5 -12
-16 -2 -7 0 3 2 -17 -2
-10 -4 -12 -7 -11 -14 -19 -8
11 23 29 4 -3 2 -20 -2
-18 -23 -23 -5 -7 -9 5 17
-6 7 5 -3 -4 -12 13 -23
-4 -6 -4 -2 -1 -23 -6 -14
-5 -10 -5 0 17 26 15 -5
-21 19 10 2 -13 -16 -1 -12
-10 -29 -11 -2 9 18 -5 6
-9 -1 11 -1 -29 -29 7 2
-8 -1 -6 -2 9 14 16 6
21 13 -1 -2 2 -2 -3 6
-3 -16 6 3 3 5 30 -1
-19 15 -4 2 -4 -8 -13 1
-8 -6 10 2 -6 -9 7 16
15 2 -1 1 9 20 -14 -7
12 1 -12 -6 3 3 -5 1
3 32 23 5 18 19 3 6
8 -39 -6 -2 -7 6 10 6
11 17 -1 0 5 -9 -9 -20
-1 9 -2 2 -3 -2 2 12
1 -35 -1 -1 -13 0 5 -6
-19 7 6 1 0 -11 3 1
12 10 9 1 -2 0 -12 -42
-7 8 -7 -1 -11 -4 -17 37
-6 -26 -1 -3 -4 25 22 -2
11 -15 -5 6 34 11 -17 8
-3 21 5 -1 -8 3 17 30
16 8 5 -2 -7 -11 4 -19
-11 28 -1 -3 0 -9 7 -2
0 -35 -16 -12 -21 -6 -8 -11
-5 21 1 -2 18 20 9 11
4 -27 -10 -3 -1 0 8 -17
-6 -3 -3 -4 4 2 1 25
5 -20 -21 -4 -17 -11 23 -3
6 -2 -2 -2 -5 -11 -6 74
0 1 4 -1 -2 -6 -24 -11
7 -9 13 -1 5 17 2 -31
0 29 -7 3 -5 -36 -27 -2
16 -10 -6 -1 1 17 29 -1
-14 -8 9 0 -17 -13 2 -18
25 12 -8 5 21 20 -4 8
-23 21 15 -3 -16 -11 -15 1
15 -32 -24 -5 -2 -13 -6 -16
3 -6 -7 1 24 15 6 7
-7 -28 -17 -4 -6 -8 1 3
-5 9 15 0 -2 4 34 -5
1 2 1 -1 -3 -10 -39 8
-4 9 1 -2 6 5 5 4
-7 -6 9 3 -11 -8 15 -13
0 -14 -8 -1 -6 -3 -24 -11
7 21 18 -2 -15 -14 7 -13
-42 -19 -1 0 3 15 17 -5
-10 -36 -20 -7 -13 -18 -8 -3
9 7 8 1 2 -3 -5 -5
-19 -3 -6 0 -2 -4 -2 -9
-2 -26 3 1 5 32 0 -4
0 13 9 3 -14 -14 5 -20
20 -5 -15 -5 29 48 18 -9
-13 -7 4 1 3 10 16 5
-4 12 0 1 -11 -31 -38 -26
-12 29 1 3 6 3 -4 11
33 -10 3 4 3 13 17 0
0 -11 3 1 2 3 6 -9
3 2 -22 -9 9 20 11 -11
10 11 15 2 -6 5 -21 -34
-14 20 -3 -2 -12 -35 -15 60
-9 -4 8 -3 -3 -19 -9 -26
2 -5 -6 -1 -5 -10 0 13
0 -7 -15 -4 8 19 -1 19
-15 -22 -16 -4 -5 -1 0 -9
8 -8 -5 -2 -6 -10 4 -13
-25 6 1 -1 3 -6 -4 14
25 24 5 1 1 6 27 26
-10 12 14 2 -21 -5 -25 -43
-29 -13 -2 3 6 -6 -2 29
1 21 13 3 2 -1 -4 16
-3 -23 -6 -4 11 15 4 10
-8 0 -18 -8 -2 -9 -10 -8
1 41 13 -1 -6 -3 -9 0
14 -34 8 0 -13 -3 17 -4
-5 -20 -12 1 1 -9 -21 6
-8 -29 -13 -4 -5 -13 -6 8
19 3 -1 1 8 17 -5 -2
-11 7 7 0 3 1 0 5
3 31 6 -1 -5 -10 -19 -3
-2 -14 1 -4 0 5 10 -11
-5 11 3 1 -5 18 -27 11
-9 -14 -3 -4 -27 -27 -5 -5
23 3 8 6 43 17 -10 -2
-3 27 15 -2 -12 0 11 12
1 -13 2 -1 -12 -12 -4 -23
11 23 3 2 24 23 -5 -8
-7 1 -5 -5 -17 -17 -23 -18
6 18 19 2 3 0 14 0
-19 -41 -29 -5 -9 -9 8 -12
7 -1 -13 -2 -2 -11 -15 7
-21 -4 -7 -5 -8 -8 18 -7
-8 11 -1 6 19 32 5 4
-4 -24 4 -3 -10 -9 -13 -5
-8 4 5 -1 -9 -8 4 6
9 1 -9 -5 5 6 3 14
10 -7 7 -1 2 10 -19 -48
-8 34 13 4 7 -20 -7 31
13 -35 -26 -6 -5 -1 34 -6
-21 13 9 2 1 1 10 -37
-10 -15 -12 -2 12 5 2 15
18 10 3 -1 7 10 -9 -6
15 36 16 -3 -25 -25 3 3
-3 -23 -17 -2 2 10 26 18
-19 -28 -14 1 3 2 36 -47
6 2 -6 -2 0 8 -13 -19
-9 4 2 -2 -10 -8 -30 9
5 5 0 -3 -9 -3 -7 11
17 -10 4 0 -12 -5 -6 37
-2 34 21 0 10 -9 13 -8
5 9 9 -2 13 10 5 -21
4 -25 -6 -1 -5 -4 -17 -10
-3 -25 -14 -2 -16 -17 -9 14
5 -17 -28 -6 -9 -9 26 22
3 5 4 5 32 48 -16 11
-3 15 27 5 2 0 -7 9
-9 -20 -36 -7 -4 -8 0 32
5 -34 2 -1 -11 2 9 -18
-13 -36 -7 -5 -13 -6 -22 -6
-11 3 -5 -5 -10 -48 -4 26
11 7 2 1 8 -3 -19 4
-1 10 -6 6 10 31 -1 -4
14 -13 10 -3 -18 -23 14 34
8 29 4 2 20 40 5 -55
12 -1 1 -3 -7 -29 -8 19
3 4 -7 -2 1 -13 6 -37
-3 3 -15 0 21 21 6 11
2 -9 2 0 -1 2 9 -1
-8 -8 -2 -4 -12 -6 -11 -14
-19 -16 3 -1 -17 -2 17 -42
35 17 -2 1 15 -1 1 3
0 -11 -9 -2 -3 18 11 12
-24 26 21 8 8 16 -21 -3
-12 -10 -4 -5 -12 -6 1 -12
-2 1 -15 -3 4 -6 -7 31
24 -2 -3 -6 -17 -16 -17 25
2 -6 7 1 -7 -7 8 -43
0 8 4 -2 3 12 13 28
-10 -12 -3 4 11 4 0 -47
0 4 -4 0 0 3 7 13
-2 4 6 -2 -4 -3 14 7
-4 -9 -7 -4 -7 -6 -38 -12
-7 -16 -8 1 -1 -7 -19 -51
-50 -2 -1 -2 -2 -4 -3 20
13 -14 -9 -5 5 4 3 9
2 25 14 -4 -5 -2 36 21
16 9 -15 -3 -7 -17 -18 0
8 -12 0 1 12 3 -14 11
-3 38 14 2 -4 4 17 50
33 -45 -25 -1 23 11 -12 14
-14 -18 4 -8 -38 -30 21 18
-22 20 5 3 12 6 8 -48
7 -7 -15 -2 22 15 -2 -19
-33 -8 18 3 -11 -27 -39 14
-2 -10 4 0 2 17 20 1
17 -12 -7 -1 -11 -18 -7 -4
0 16 11 3 -7 13 33 7
-6 18 -6 -7 -3 -10 15 -26
-2 1 0 -3 -2 11 36 15
-6 -16 -6 2 -11 -18 8 12
21 -4 5 2 3 -3 18 -1
3 14 -8 1 19 13 -24 -11
-3 6 12 2 -14 -15 -35 -34
0 -16 0 -4 -12 -9 -12 5
-11 20 9 -3 3 -6 -20 -14
-13 -42 -34 -8 -25 -11 23 8
-18 7 4 5 14 3 -16 4
-8 4 -1 -6 -12 -11 7 -37
-14 -6 -2 -3 -6 6 -42 -31
13 12 11 -3 -5 4 62 20
-3 19 12 3 -5 -6 -51 17
-3 -5 -19 -6 -8 -15 3 2
-10 -31 -6 -4 2 13 16 7
10 61 21 6 7 11 -8 5
-30 -12 3 -2 -1 -8 7 -55
-14 10 1 -3 -2 -5 -24 23
0 -25 -22 -7 -10 -3 -11 25
10 -12 -11 -4 13 27 -3 -2
21 26 9 5 0 10 7 11
7 13 9 4 23 21 33 16
-15 0 4 5 -16 -22 -8 -2
17 24 24 1 -15 -23 -21 -5
14 -12 -15 -5 11 9 -3 26
-39 -47 -13 -10 -25 -25 -19 -38
31 10 -8 0 37 35 24 5
-10 9 -14 -5 -3 -3 -26 38
6 -8 8 6 0 4 9 -24
21 2 4 -2 -22 -34 -20 -6
8 -5 -7 -3 4 -9 -39 -4
-9 -27 -8 -7 18 8 6 2
-1 19 -8 -1 -8 -4 5 19
2 16 -1 -1 3 15 11 -26
11 -3 5 -7 -30 -18 10 -71
-25 27 12 3 16 4 -69 22
5 -6 7 1 -2 -18 -5 19
-26 -31 1 -2 -8 31 46 29
-10 3 -2 0 5 7 -30 -6
15 -9 -5 4 13 11 19 -32
-22 -8 -7 -1 -3 13 9 -3
6 7 -2 -1 -1 -2 -12 -27
-8 11 10 -2 -3 -16 -15 10
-6 -13 -9 2 -13 -10 13 -4
-8 -26 -1 -4 -15 -14 1 -45
10 6 -8 2 8 -4 -21 -12
-3 -25 -10 3 -2 15 24 75
-13 25 10 -2 -10 -7 -7 -77
-6 20 -1 -6 -8 -15 48 80
-21 0 15 7 10 32 -13 0
-12 5 -11 -6 -6 -21 -37 5
-20 -25 -7 -4 -25 -22 20 -10
12 10 -7 -2 10 4 -7 -8
2 1 4 0 4 -3 2 23
28 21 3 0 -9 12 32 4
-9 -12 -10 -9 6 17 -4 18
2 -20 -14 -4 4 0 -12 -8
-14 16 26 2 -7 -11 -9 -9
2 1 1 1 1 5 9 -2
6 1 3 4 6 -7 -3 37
3 -20 -10 -6 -12 -9 -41 -35
14 -9 -3 -2 2 19 -30 -37
-3 -13 -10 -7 -13 -35 40 40
-4 -12 0 2 1 -17 -65 -2
5 -8 -8 -5 8 13 -8 -22
-8 15 0 -5 -10 -4 28 -7
-19 2 15 3 5 -9 -19 -67
-25 -38 -3 -4 -14 4 8 9
12 17 -3 0 5 2 3 11
14 2 -12 -2 7 2 -6 10
-25 16 6 4 3 6 -9 -32
30 5 17 5 10 21 22 17
-20 -28 -17 -4 -9 -6 4 -1
13 -45 -21 -5 -22 -22 -11 52
12 15 2 5 16 5 13 -18
21 6 -3 -4 -9 -8 -23 -34
-12 18 18 4 -10 -8 -23 -46
-5 -9 -6 -1 6 -5 1 33
2 4 -2 -1 -1 2 -2 -19
25 12 2 2 3 -1 -3 -2
-35 -3 7 2 0 0 10 -35
-6 16 2 2 9 9 18 41
9 -35 -8 -6 -5 -9 -13 -21
13 17 5 3 -1 -13 5 -22
13 -27 -19 -8 -6 -1 12 76
1 16 2 4 7 7 23 39
-9 16 6 -2 -2 8 21 -7
1 -1 8 2 -6 -17 -32 14
5 -7 -3 1 -6 8 -3 -44
-27 -15 -9 -3 -2 -21 -52 7
-11 -35 -10 1 -4 -17 -29 15
26 19 -10 -4 -9 1 17 -15
-1 26 20 4 11 13 26 35
-45 -1 -2 -1 9 14 -13 -24
11 -9 -19 -4 -1 2 -5 -2
-10 -16 3 -3 -19 -24 -13 -12
-8 0 6 2 2 0 19 -18
16 38 26 9 14 23 12 -75
-38 -39 -3 -4 -17 -13 -8 31
-21 -46 -22 -6 8 -3 -9 -3
9 7 3 -3 -13 -17 -11 -8
23 19 0 1 8 2 -26 -14
10 29 13 4 -2 7 38 21
5 20 3 0 13 28 13 15
-17 -7 -1 0 -12 -4 16 15
2 -29 -7 -5 -3 3 -2 -17
15 26 -1 -6 2 -5 -10 -35
-14 -47 -18 -3 5 6 11 11
15 35 6 2 -2 -8 -5 33
-16 -18 -5 -1 -13 -10 28 -12
20 13 -4 1 5 9 -6 -2
-23 0 5 3 1 -9 13 2
-18 -20 -10 -3 -4 4 -12 -2
44 30 -1 -3 -2 0 23 33
4 -6 8 4 2 1 -46 23
-2 24 3 -3 -13 -16 3 -8
2 -22 -13 -3 15 18 -1 -17
6 3 -7 -2 -14 -19 11 -6
-14 -17 -4 -10 -12 -5 14 -10
-7 17 -9 -5 -3 3 -18 28
3 36 14 3 11 -9 -45 4
11 -2 0 -7 -11 11 38 18
-11 -13 -3 1 6 -7 -14 19
1 -28 -13 0 16 20 12 -5
0 9 0 0 3 21 -7 -19
20 12 7 2 7 -8 -1 11
-8 -7 -9 0 -5 3 17 -18
2 -3 -10 -2 13 26 10 66
-6 14 7 2 -2 -11 15 1
-16 -45 -3 -9 -13 -8 18 -57
19 -7 -14 -1 -1 -3 -48 -31
-22 -12 -5 0 3 -11 46 -1
-17 -4 5 1 -2 -3 -4 22
-1 -4 9 0 1 -1 -10 -11
-37 -14 -10 -8 -11 -3 29 -1
1 -3 1 -3 -9 -7 3 -15
7 7 0 -2 -3 -8 6 -16
-15 2 1 3 6 -1 -21 21
25 12 -4 -2 8 40 -6 -28
-39 42 17 0 1 6 79 14
-14 -45 -4 3 5 -2 -27 62
4 -25 -12 -2 -8 3 1 13
-29 3 -10 -7 -18 -18 9 -1
-1 -11 3 -8 -21 -24 -13 -40
31 46 11 1 7 5 -15 -17
14 -5 0 2 4 -1 1 2
18 -7 1 3 0 -3 17 11
-15 16 10 4 -3 -7 -58 -11
-3 -16 -14 -10 -17 -25 2 1
-6 25 7 7 29 22 -35 -7
-30 12 12 -3 -12 -18 15 5
22 -19 -16 -4 -4 1 -45 -26
4 20 0 0 -11 -13 11 2
-25 -43 -34 -6 11 8 -18 4
16 8 8 2 12 -1 -10 30
