27 -20 15 38 13 7 20 5
-14 -11 -20 35 12 0 5 5
-12 -7 -15 7 11 1 -9 -20
-1 -1 6 0 0 -9 -23 13
64 37 -1 -52 -26 -10 -14 9
-65 -16 13 26 6 8 49 15
1 -3 -2 -13 -17 -24 3 -2
35 4 -5 7 23 61 -25 -5
-26 -33 -25 -15 -9 -32 24 12
21 28 23 -11 -11 -13 -32 -25
14 6 -6 -1 -13 1 1 41
13 8 -18 -6 16 16 -18 -21
-70 -5 4 11 -11 -19 54 15
95 5 4 -10 18 70 61 72
-42 -29 21 -13 -12 -37 -71 -67
30 15 -15 8 -7 1 41 9
-28 11 3 -16 -1 -1 -46 -31
8 -4 13 31 7 -16 10 51
40 4 -15 -29 -1 20 -5 7
-13 -20 40 59 -1 -56 0 3
63 10 16 5 6 -6 -13 27
26 -9 -13 -16 -22 -36 -19 -39
36 7 6 -6 -1 17 61 24
-64 4 3 5 1 53 -22 -21
27 7 -29 -25 17 -16 -29 -13
-16 5 36 49 20 10 42 21
-40 -11 -2 -9 -6 -3 -53 4
15 -13 -4 2 -18 -30 36 -10
1 -5 -37 -51 -3 42 3 0
-32 20 49 77 19 -10 -47 -46
40 -24 -27 -6 -15 -28 7 21
-16 1 8 -6 10 6 -43 -19
-15 -2 -6 -7 -8 15 72 16
-5 -24 -28 -25 -16 -9 4 5
-15 7 34 20 -18 -1 -45 -37
108 13 -21 -11 31 71 56 104
-28 -12 13 9 -18 -47 -24 -23
-35 -15 -22 -37 -28 -21 -12 -13
21 5 9 -11 18 47 59 45
-96 4 7 -3 -8 -34 -38 -48
41 9 7 27 19 42 35 9
29 -9 -4 -28 -14 19 14 65
-45 19 -10 0 -2 10 -41 -43
0 -10 19 -3 -15 -24 51 0
64 9 -2 26 21 -6 -7 54
-75 -17 -24 -44 1 16 7 -59
20 -13 16 23 -3 -20 -50 -10
16 26 31 4 -5 -12 37 18
-41 -5 17 13 -10 -19 -25 -3
64 7 -22 -12 -1 62 14 41
-47 3 -17 -16 9 -58 8 -32
32 -35 -24 -6 -4 17 -15 5
-41 -3 8 6 -23 -83 -29 -15
28 23 -1 -3 11 23 0 10
7 -19 -11 -3 2 71 -18 -47
-2 -11 1 -5 -4 -56 16 41
-19 -6 -1 1 -2 -10 19 -32
64 16 -3 -32 -25 -42 -17 16
-53 3 -14 -17 5 18 48 20
3 -3 65 20 7 -12 -51 -10
-1 8 -28 44 31 29 -17 -19
-59 -14 4 -5 -5 -20 -7 -12
47 12 0 -4 10 -13 -5 13
4 -1 -45 -82 -38 -2 -8 -40
29 -1 34 28 -5 12 3 25
5 10 27 27 15 0 -17 -21
2 -10 -13 18 3 -23 25 1
60 7 -22 20 13 -7 3 35
-31 -34 -20 -46 -15 -14 -18 -31
21 10 -6 -4 -7 -7 -37 -11
-2 -26 -8 -2 -9 10 48 8
57 2 -23 -9 -1 -7 -12 3
-5 -19 -10 -6 20 38 40 45
21 -8 15 9 -5 -2 -48 -16
8 21 1 -14 0 8 46 3
-45 8 -7 -7 -10 -44 -32 -42
74 19 25 37 3 -5 12 36
-28 -17 3 3 14 -2 28 -11
46 12 -17 -60 -24 13 -44 15
29 1 33 103 49 31 16 9
25 5 -7 -36 -16 9 61 13
-22 3 -5 1 -2 0 3 21
2 -6 -12 8 25 -9 -29 -28
-17 -9 25 -16 -5 -29 40 39
24 -4 1 -12 8 6 -35 -6
-57 -31 2 17 -4 -9 13 -11
89 6 -19 -20 -7 1 -29 -6
9 16 28 23 -6 23 -3 -14
-55 -3 -1 -29 -29 3 -42 -77
72 2 -49 -18 19 -31 34 5
29 0 30 33 -2 2 -3 48
-35 -15 -33 -6 0 -1 -16 -20
-86 12 -10 -26 -5 44 -67 -46
127 2 10 -8 -8 -13 54 78
-59 2 8 29 7 18 32 34
-71 -22 -17 -15 -13 22 -37 -91
106 -2 3 -9 -27 -85 2 71
5 -16 -4 11 43 112 21 -56
0 22 9 1 5 7 -38 -7
33 3 0 -19 -1 12 39 -5
43 4 2 -3 2 39 52 69
-95 12 -31 -37 -30 -47 -51 -47
-13 -33 53 105 30 -24 11 -11
-35 -10 -27 -20 -5 8 -41 -11
-49 1 -11 -45 -32 -28 -18 -52
39 25 64 74 18 12 -17 23
-26 -7 -20 -38 1 21 39 -12
-41 -15 -16 -9 -12 -46 -20 -10
52 -27 -4 3 -12 -28 10 -8
-21 -17 -36 -44 -12 -10 -29 -20
27 13 44 66 7 50 10 31
5 -8 17 27 18 -38 3 0
-21 -2 -29 -28 -40 -28 -33 -28
-51 4 -7 -31 20 24 -12 11
-28 -13 0 19 6 -26 63 26
10 4 -26 -43 -14 -7 -19 -1
18 -7 23 34 22 23 -18 13
56 15 30 26 -14 -13 42 29
-6 9 6 -35 -28 -40 -45 -34
-2 7 -14 -18 14 29 9 15
29 7 12 11 10 29 -36 -10
-8 -3 -3 17 1 -50 0 36
13 -20 -25 -45 -11 -34 12 -22
29 24 46 48 -11 0 -25 -5
-33 -3 -14 -16 2 19 -3 -31
-2 -15 -23 -10 11 18 -11 33
-1 -10 -7 -28 -32 -15 13 7
-43 1 -49 -19 7 45 14 -29
29 -21 -6 10 8 21 -30 -7
71 2 29 -3 -23 -88 -22 16
-89 13 -15 9 29 21 19 -28
26 -5 9 4 -18 -7 0 16
-4 12 -12 -2 11 21 17 -13
36 29 16 -27 -10 68 6 32
-59 -56 -33 -30 1 -22 -7 -2
25 -5 -8 -9 -10 -25 -13 -5
-73 10 12 12 1 -4 9 -14
-34 -28 -41 -35 -19 20 -66 -30
61 16 20 -11 -12 -10 33 7
38 -3 1 28 9 -1 19 26
-125 -13 -20 -23 -13 -10 -4 -35
-9 16 -6 -3 5 -13 -12 -41
65 -26 -10 -5 -14 26 -8 29
-63 7 13 1 11 97 -45 -19
8 -21 -6 14 13 -66 88 47
-35 -13 2 12 18 29 -51 -58
47 23 -6 2 3 33 19 34
-74 -13 -2 -34 -21 -23 12 -29
43 5 -22 14 10 35 -34 -20
-9 7 57 47 0 -38 -7 0
-75 -20 -73 -32 0 7 -10 -13
52 -8 19 0 -10 -53 -12 30
-59 9 21 -9 -3 -16 -24 -34
42 -11 -15 -13 -7 -18 55 30
46 10 -7 -6 -23 -26 -36 -7
20 8 11 -10 18 46 28 12
-11 -9 -3 3 -3 19 12 52
-65 0 5 -1 -13 3 16 -62
16 -7 -3 1 16 -8 -33 16
-10 -9 -16 5 6 -7 -1 -11
12 6 27 -26 1 -7 -16 -4
5 27 -17 -2 8 108 37 30
-65 -7 40 28 11 -21 18 -2
-3 -14 -1 6 -11 -11 1 10
46 18 10 8 0 0 -20 6
-62 -33 -40 -35 -24 -14 60 24
-8 11 20 15 6 -19 -62 -62
-23 11 -27 -27 6 -4 -5 23
89 23 46 39 11 23 10 -18
-48 -22 -32 -29 -25 -110 -24 -14
6 5 46 71 -5 -10 -9 17
18 -3 -13 -27 10 28 35 41
-38 3 0 10 15 70 11 -17
29 9 6 1 -15 -41 -1 0
55 2 -19 -17 16 10 -4 -8
18 9 12 16 -1 -4 4 0
-19 -23 -5 -1 -11 -54 -20 -1
17 -8 0 21 4 -9 -5 -2
43 10 -17 -69 -29 34 -26 -4
-11 14 43 25 -12 -57 27 -36
-10 -18 -11 -8 7 -3 15 39
24 12 -10 6 -1 28 -4 10
-2 6 34 -6 -15 -40 18 13
2 -21 -19 31 19 15 -12 -17
-26 0 -26 13 9 -4 -2 5
50 8 18 -5 -18 -17 -57 -14
31 -2 -22 -34 3 -24 31 40
-39 -34 -2 15 11 8 9 -57
78 -4 3 2 -1 22 -6 -18
0 -11 17 2 -10 -67 11 13
-48 2 -14 22 28 71 -8 -45
-35 11 -2 -22 -9 7 9 21
-9 -3 -3 7 -2 -29 9 -2
20 -16 -5 -26 3 33 -25 -8
-13 2 4 -54 -33 -27 6 0
-7 1 22 90 27 -27 -4 12
4 7 -20 -48 -17 38 -8 -16
4 -14 7 27 8 -62 -34 8
31 2 -12 -20 -7 -15 40 4
-5 -16 -21 -17 -5 18 -29 12
7 -14 4 -19 -25 -14 21 -9
-22 9 -14 -12 3 23 -7 -16
-10 -6 -5 30 31 33 -23 -34
62 12 10 -24 -25 -17 -43 24
-18 0 7 12 -4 -5 47 18
-23 -3 -1 6 11 17 12 3
-76 -15 -9 -31 -21 12 -19 -21
61 3 6 29 3 5 -1 -15
-3 7 8 24 16 -30 -9 33
-79 -20 5 8 3 -5 20 -23
62 29 -6 -16 -3 22 -29 -11
-5 -9 -42 -59 1 -2 -8 22
-40 -18 24 29 1 -10 -17 -32
11 8 14 2 -18 -5 31 -2
-15 -3 -14 -6 11 22 -43 -15
-9 6 21 5 3 -49 -17 -20
47 2 -20 -6 13 -24 82 58
-19 7 9 6 14 95 37 21
54 9 3 -13 -15 -28 -16 25
40 -3 -17 -12 -14 102 -22 5
-43 2 10 -1 -1 -45 52 47
-90 -38 -16 2 -4 -52 -28 -87
-3 11 11 -5 8 26 -4 10
32 13 4 -11 3 48 28 32
-8 -12 -8 45 7 -8 -100 -37
33 -1 -12 -6 -8 30 64 36
-25 -18 -9 59 11 -37 6 0
-56 9 10 -17 -27 -58 -32 -50
52 18 28 -23 17 56 16 31
37 -12 -35 -25 -4 -23 -38 -5
-25 7 2 22 6 -22 9 -16
-36 -13 -6 -3 -15 21 16 -3
59 4 -14 -13 15 -31 -38 -12
43 2 11 17 7 29 -9 64
-88 -10 25 12 15 52 36 -40
3 2 -5 -18 -27 -56 -11 -2
36 2 -20 -31 -10 7 20 20
8 7 49 20 17 11 -61 -15
-5 -8 -28 7 -2 -16 20 2
-13 -12 -18 -18 -6 -11 -9 4
-41 -7 -7 -5 -19 13 -29 -75
33 51 18 5 22 10 59 23
68 -7 -4 -5 -16 -9 -5 29
-25 -17 -17 -3 11 -40 -51 -40
15 3 7 -1 -1 39 32 16
16 5 -3 -17 -3 37 -5 -25
-1 16 9 -5 -5 7 -54 -25
54 -9 -9 3 -10 -28 97 80
-37 -9 12 10 4 3 -30 -48
33 -8 -24 -10 9 14 -16 5
-9 1 4 2 -2 19 13 -3
-9 -2 32 31 4 -6 13 -19
6 1 -24 -77 -48 -19 -14 -5
-73 -3 30 68 29 -12 -1 -25
13 -6 -7 23 23 17 -4 28
37 12 6 9 20 55 1 20
-15 -16 -4 9 -19 -96 14 20
71 4 -31 -61 -23 27 -14 -5
-6 -4 -2 10 -13 -41 -29 -22
22 17 13 -7 -10 -30 -1 29
-126 -14 -13 4 20 51 -36 -80
62 -20 -40 -10 -34 -28 20 38
48 -27 5 -14 -7 -102 -4 -12
42 -12 -12 -2 15 69 36 -11
88 13 3 9 8 39 5 31
-29 -3 13 2 -3 -50 -22 -12
35 3 -1 -6 -21 -18 -19 8
-77 -5 3 5 7 -14 -38 -10
16 -9 -26 -35 -11 -9 12 5
15 -1 50 70 20 20 5 -19
45 3 24 43 3 0 24 27
-22 10 -11 15 8 16 17 2
-35 9 8 17 14 14 -8 -6
-34 -9 -10 -4 7 -2 -4 -9
-7 0 -8 -37 -13 5 -52 -26
51 4 -5 -18 -16 -15 41 17
-27 14 15 23 -2 -13 -38 -12
2 -1 -16 -27 2 -21 5 15
-64 -27 3 -3 15 83 36 4
2 -3 -18 -5 -2 -78 -18 -33
80 1 4 -2 -13 10 8 11
-71 16 7 -1 11 7 -34 10
70 -16 -20 -26 -13 -10 12 47
-22 -1 -13 -49 -18 -13 -19 -18
5 5 39 80 23 -11 16 23
15 5 5 10 15 24 25 -4
-30 14 10 5 -2 -27 2 3
-16 1 2 -24 2 97 -39 -21
-22 -33 -44 -13 -9 -62 46 1
48 -2 -11 -32 -19 6 -25 -3
-16 27 15 5 6 -21 22 16
-21 -29 5 7 -6 -7 -104 -58
-22 13 -5 -25 -1 19 67 35
-60 -6 13 21 16 5 3 -12
2 21 -11 -17 -14 44 11 -24
79 19 24 34 20 -23 20 19
-29 -32 -22 -20 1 10 -26 -14
-4 -8 -28 -29 -28 -23 10 0
-31 -6 8 13 6 23 13 -4
-2 12 -9 6 2 19 7 12
52 -2 -18 14 4 -31 -72 -42
-4 5 35 1 0 55 104 28
8 -6 5 -20 -8 -19 -54 -25
0 -6 -17 -20 -21 42 24 3
-16 11 24 -8 -7 -83 -9 -3
9 -8 -21 14 5 13 -22 9
20 10 4 6 -3 -48 43 26
-48 -1 8 5 -13 30 4 -28
87 19 11 5 57 91 21 41
32 -17 -2 -5 -6 2 2 -8
36 -6 -4 8 -12 -14 -3 12
-37 -6 -17 -15 0 28 2 4
-14 4 2 -19 -27 -48 -32 21
-27 4 -3 4 6 -11 -3 7
-4 -13 -14 -5 -8 -6 -35 -53
34 23 22 20 7 -8 39 39
7 -2 3 25 -6 10 -15 -26
-8 11 -27 -50 1 -4 1 8
-9 -18 2 15 0 6 10 0
23 -9 -24 -20 -19 -65 -40 -19
-65 2 27 18 17 55 13 -8
58 2 -6 -7 -10 -37 9 -1
-21 -2 -11 -18 4 -1 -69 -43
71 -6 9 9 8 32 84 39
37 -11 -9 -13 -17 -18 -25 -7
-7 6 5 15 6 -8 -77 -13
-84 -9 2 1 6 14 87 23
-17 -1 7 5 1 -22 -41 -33
-40 25 3 -27 -28 -1 -2 -23
-16 -5 15 24 10 33 -17 1
25 -17 -14 11 -6 -62 -18 14
-19 3 8 13 22 -19 -25 -28
-25 -21 -13 -5 1 10 0 -11
-10 5 5 -18 -19 -4 10 -21
53 -2 -39 -68 -22 4 -5 9
1 -3 32 78 22 14 -5 3
23 -13 -19 16 -2 -53 5 -6
75 -11 22 10 5 13 16 -7
-44 -1 -23 -10 -15 15 -11 -23
92 13 -15 -14 3 -39 -28 -2
-51 -4 25 3 11 75 46 44
-4 0 -11 18 15 13 29 5
4 7 32 -3 -2 16 -11 9
-20 -9 -41 -23 -6 -30 -73 -9
-31 17 19 51 -3 10 58 -6
27 -5 -2 -10 -6 -7 39 39
15 -9 -1 1 10 11 -33 -20
5 2 16 -6 -13 -2 15 9
-4 -16 -24 -20 -10 -71 -40 -2
-30 -1 -33 -17 -19 13 -16 -20
9 24 33 39 20 15 1 13
-40 -18 -9 12 14 7 17 44
-58 3 -14 -52 -14 24 60 11
8 18 17 37 16 33 7 -16
19 -8 -27 -18 8 43 9 20
-2 -4 2 -21 -1 -6 16 6
14 8 16 4 -10 9 -29 -16
-86 -5 2 17 8 -49 -30 -26
49 12 14 2 1 19 -25 -2
-41 -26 -13 -39 -17 -2 36 -16
82 -12 -16 23 6 -5 1 14
-64 0 22 -40 -34 -24 -57 -39
81 10 13 69 37 27 89 53
16 4 17 -27 -20 -30 -31 -14
53 -4 -25 3 3 -29 25 36
-37 -16 -2 14 12 32 -7 -27
-38 -7 5 -20 -20 -20 -18 -12
-31 -4 -19 -17 -16 33 -10 -3
21 -7 17 -15 14 25 -12 3
15 -1 -19 24 -4 3 50 18
-53 -23 -16 -17 -5 -31 -1 -8
2 2 4 2 -10 -16 -15 -30
42 -3 14 6 -4 19 -27 10
39 -12 -41 -40 -11 1 -12 -2
-44 5 13 12 -6 -37 6 -19
-22 -2 -5 8 9 6 22 18
-16 0 20 -21 -5 -14 -55 -15
9 15 -4 15 5 -17 10 -3
-11 -14 -10 -15 -21 -29 -18 -12
13 8 -4 -24 -8 10 12 4
79 8 7 44 49 31 18 23
-23 -21 2 -16 -18 -25 -21 -18
21 1 -7 -11 -17 -4 -44 -43
17 -1 11 12 16 7 11 19
33 24 -1 -14 -7 32 68 40
-32 -16 -5 -20 -4 -14 -28 -44
12 3 -17 34 20 2 -11 16
-45 -5 -12 -23 -18 -22 39 -10
15 13 20 40 -3 11 -64 -18
21 -7 -3 -17 -4 8 10 29
-15 -4 -12 -19 -5 -36 10 16
-1 0 3 21 14 8 -12 -6
-27 -8 -34 -37 -11 3 -20 -25
60 -8 9 27 -4 -75 21 30
25 7 18 -20 6 70 12 12
-40 -18 -8 9 4 1 10 11
14 8 1 -5 -22 -87 -24 -33
60 16 4 -10 36 81 19 39
-76 -11 -16 -13 -8 -4 -4 -41
29 4 31 34 14 -7 17 42
-32 -22 -3 -6 -11 4 -4 -27
99 17 -46 -12 -6 17 -27 24
-2 4 -8 -26 0 -31 32 13
-17 -6 13 26 9 7 14 -19
-44 -5 0 -12 -21 -31 -64 -35
-12 -4 2 -4 4 23 62 15
50 -3 -6 -36 -18 0 -21 -13
53 -13 -9 22 -1 -10 -22 -1
-13 -2 64 82 32 28 1 -3
-81 1 26 9 -11 -44 -22 -12
-7 -8 -27 -8 2 27 3 4
-19 6 -7 -31 -13 -39 -28 -39
3 -14 -16 -33 -22 31 -17 36
-27 3 -1 -11 12 21 33 -2
-43 -6 42 99 20 -18 48 16
59 6 -4 -6 -6 16 15 18
-45 -5 -44 -52 7 41 -19 -33
36 7 19 15 -17 -23 -20 10
-9 0 -11 -20 -2 17 -21 -19
17 2 21 22 25 26 49 27
28 5 -16 -19 -10 -5 -19 4
-114 -24 10 4 -10 -53 10 -32
73 5 -9 -2 -13 -42 -23 -8
-5 7 5 22 13 29 -52 -4
-16 4 -42 -57 -11 25 36 -13
3 -4 28 20 14 -18 5 31
-8 -10 3 5 -3 -13 8 14
-12 1 -7 -32 -19 -27 -4 -12
26 2 -20 -3 -3 -11 -6 13
45 8 -22 -18 -2 38 -48 -37
-16 -11 17 -7 -20 -41 11 10
29 0 -11 -17 -10 1 -12 -15
27 3 -1 22 23 8 87 73
-26 12 -8 -7 11 -5 -25 -49
2 -29 36 10 -5 -16 -9 -1
-16 -6 -15 3 -11 -4 -28 -34
17 1 13 -15 -20 -39 -5 16
20 12 -5 8 1 -8 -7 35
-28 8 6 13 10 26 -6 -26
-21 -3 -5 -17 -3 -20 0 10
-22 -6 10 44 14 -4 -13 -23
4 -14 -35 -27 -18 0 9 9
52 20 -9 9 3 83 -20 4
-7 -11 -2 -26 -14 -79 28 4
-8 8 4 8 14 -3 14 1
32 -27 -8 -7 -9 7 -37 -29
32 9 2 2 -3 -8 16 37
18 -7 -11 -10 12 68 37 11
9 1 -6 -6 1 -9 -48 -11
-94 -26 6 8 -10 -9 1 -36
-51 1 -24 -31 -6 -19 -38 -25
21 13 5 10 0 -17 27 14
37 -11 3 -51 -29 -24 3 0
40 10 8 93 41 25 -3 3
3 24 -2 -31 0 -2 19 29
-17 -7 -9 9 3 42 -24 -19
2 -6 -12 -8 -6 -26 -17 1
11 8 -10 -42 -23 -23 15 24
-11 -2 -9 14 -3 19 7 -18
10 -9 -15 -7 13 18 -2 13
-47 -1 12 2 -21 17 -23 -29
-11 14 30 11 10 30 32 15
18 -10 -7 -3 11 -11 15 16
1 5 3 -4 1 12 21 12
14 -8 -2 8 2 27 -18 9
-22 12 21 6 -7 -56 10 -36
4 13 -20 -22 -10 0 -21 -1
-3 -7 17 34 2 -1 1 -7
-21 -12 -25 -37 -4 -60 -18 -25
44 -7 3 -5 -2 23 -43 17
14 5 13 -9 4 15 61 21
-25 1 -5 -24 -14 -22 -28 -7
-27 3 -1 33 6 8 14 -8
49 6 -19 -22 -17 2 -35 -5
26 -9 16 8 3 -41 -24 11
-46 10 -28 4 5 35 21 -19
28 -1 31 9 19 5 47 3
16 2 -17 -19 -2 24 -12 -2
-27 -10 -3 9 -2 29 23 -16
15 -2 8 -2 10 7 -35 4
-23 -7 0 -21 -5 -11 13 -7
-11 -1 24 71 20 -9 28 -7
25 12 6 -7 1 11 -56 -15
22 -3 -24 -41 -25 62 -42 -28
-47 -18 6 5 0 -37 79 51
37 5 13 8 5 4 5 13
63 -4 -8 -6 -7 -20 -26 -2
21 6 -7 -6 -12 -42 -3 3
28 2 25 20 11 61 -28 -26
-15 -5 -12 -55 -10 15 22 7
-25 -23 -24 54 10 -22 -30 -3
-14 -17 7 -11 -2 -24 -24 -5
4 -5 11 20 -1 -15 35 -2
-22 3 -34 -55 -11 -12 -3 -16
-62 -18 23 41 7 -17 -1 -21
98 16 -2 -2 -10 25 -27 13
-4 1 -26 -16 3 -3 28 15
-74 -26 22 34 1 -30 -29 -41
6 10 -16 -33 -18 -26 1 5
18 17 30 15 22 47 17 13
28 -10 -14 1 -3 -4 19 2
21 3 -7 -8 3 -2 -24 -8
13 0 1 -22 -10 19 -2 20
-55 -14 23 12 -10 -63 6 -20
60 14 -1 49 17 41 -16 -2
-7 -13 -5 -25 -27 -50 -8 4
33 22 15 1 2 10 -4 3
68 10 14 40 18 -29 -22 -17
-32 -18 -5 -25 -9 18 15 24
20 14 -23 -18 -5 -5 33 18
-9 5 21 14 6 6 0 -26
-5 -14 -20 -15 -19 -66 -36 5
-19 -9 7 8 -8 -12 -29 -19
15 15 3 4 29 62 17 -1
42 9 7 -25 11 29 37 20
-4 -26 -39 -2 -11 -8 12 -7
-8 -4 -1 -11 -18 -19 -57 -37
42 7 0 -30 -16 3 27 36
39 6 5 28 -3 61 32 -3
-52 -3 13 7 15 -57 11 6
-10 2 -48 -74 -28 -16 -36 -19
40 -1 26 89 31 12 -41 15
-17 7 -16 -14 -3 -11 32 1
43 -2 0 -12 3 25 13 48
-56 -13 11 3 -4 0 18 -37
5 6 -17 -34 -34 -51 1 16
-43 -1 7 11 33 77 -28 -35
-55 -24 -9 -15 -2 -89 -29 6
37 11 7 6 6 21 47 19
-16 -4 8 2 -7 17 15 -9
2 -5 -9 -16 -16 -23 -64 -17
3 19 8 -27 1 61 45 -10
-13 -5 13 65 7 -21 -70 -7
61 -2 -25 -14 -8 -20 54 -10
-50 -32 4 -1 -24 -38 -49 -21
29 35 21 26 21 22 22 -16
30 10 -7 -6 -2 12 -34 -9
-14 -2 6 -1 8 4 1 10
23 -8 -4 -14 -12 -35 9 -2
-40 8 -5 -7 -11 26 -2 -8
42 -6 -20 -2 -5 -24 -32 5
-45 3 7 -16 3 6 15 4
-18 1 -5 -7 33 36 45 2
23 -13 4 11 1 -9 25 34
80 8 14 -3 -9 -10 -17 44
-29 -13 -11 -11 -11 -36 -14 -36
-12 -3 11 0 -16 -42 -32 -7
30 9 -18 -12 0 52 4 -8
-66 -7 3 -1 -12 -75 -26 -29
105 12 30 57 32 37 73 72
3 -4 17 36 0 -5 8 -30
-5 -13 16 -20 -17 8 -21 -19
-9 10 -36 -34 15 -12 18 0
-9 8 19 15 -7 2 -34 -4
-24 4 -12 -20 -13 -27 -29 -18
-50 -18 -4 2 15 31 68 65
-44 -11 3 5 5 40 1 -23
-7 -4 -23 -38 -12 -33 -27 -12
10 -18 6 17 12 -3 17 29
22 1 -11 -6 -22 4 11 16
-94 9 7 -9 10 43 22 -33
-27 2 -1 11 2 -5 -13 9
20 -6 -11 -13 1 -11 -10 -4
-8 -5 29 4 -12 -58 -25 -10
55 12 -26 22 15 24 62 45
-79 -26 -14 3 -15 17 -26 -33
-81 -12 -16 -26 -5 -26 -10 -23
-9 13 15 -3 -8 8 -27 -4
2 -8 -11 -3 3 -1 9 -6
3 -16 -9 -29 -3 20 -11 0
64 9 1 36 4 -60 0 59
-65 -9 -30 -13 0 41 19 -34
27 29 46 -13 4 -1 -54 -10
52 9 -8 -9 -1 35 84 38
-7 -11 -24 -35 1 -1 -23 -17
-7 -2 15 47 0 -33 -46 -19
41 0 0 -9 -2 16 48 46
-65 -4 -16 -22 -14 -3 -30 -62
63 19 7 5 4 -21 18 39
29 -35 -27 -18 -18 42 -9 -23
-22 -21 -19 -17 -5 -87 -29 -14
15 -1 16 7 -6 -24 -7 14
17 30 37 -47 -21 40 20 2
-26 -10 -33 40 23 -1 9 -14
17 -4 -20 -29 -16 0 -43 -14
21 -1 7 23 15 5 12 7
8 1 -28 -27 -13 -12 8 23
44 12 63 59 16 37 -7 5
-48 1 3 17 15 -25 -11 -16
71 23 0 -6 10 1 25 44
-88 -54 -17 -8 -6 22 9 -42
26 11 -12 -18 -5 -52 -27 -24
21 -8 0 -22 -24 29 22 13
3 0 10 2 2 -27 -62 -27
80 3 -17 6 9 64 85 75
-35 -12 -8 -32 15 -12 -26 -16
-38 -7 34 3 -21 15 -16 -29
-19 -1 -4 -26 -4 -59 -37 -20
-10 14 -6 47 22 17 -6 3
-15 -4 -24 -50 -29 -34 -26 -18
58 7 27 39 27 21 79 49
95 -6 4 23 10 31 3 6
-11 12 0 -15 -28 -11 -41 -53
-1 9 -7 -21 7 -12 61 56
-11 -20 -11 -7 3 -2 -28 -34
-15 -4 -8 -11 -17 4 -30 -11
-16 1 7 14 10 -18 6 12
24 15 -8 0 -6 12 -31 -22
-3 7 13 -4 -10 1 6 10
-95 -13 -19 23 18 8 37 -4
-13 1 -18 -32 -29 -31 -90 -39
9 -12 23 7 5 43 102 34
31 -2 -23 2 -13 -63 -33 -4
12 10 47 31 14 44 7 -3
-34 3 5 7 8 -24 -26 -29
61 24 -8 1 -2 5 7 67
-77 -14 -22 -29 -7 10 -6 -33
-18 -12 -7 -3 -15 8 26 2
8 2 -11 12 -5 -31 -14 -10
58 0 3 -17 12 25 5 24
-63 1 5 15 4 46 33 -16
57 0 -11 -4 -14 3 -24 15
-37 -20 10 4 1 -29 11 -6
6 -2 -8 -8 -6 -24 13 -1
2 0 1 12 3 0 -12 -3
-19 0 3 -12 5 16 -28 -10
-12 -5 -7 -17 -8 10 -6 -20
-14 5 -26 -35 -13 -16 -26 -6
20 0 39 60 21 16 67 12
-41 -5 -20 -3 -7 -26 -47 -19
49 14 -5 -27 -7 -19 21 70
-17 -22 -4 55 18 11 -3 -28
7 12 8 -6 -2 13 0 -6
86 13 9 11 5 58 40 31
-1 -21 -25 9 -10 -80 -47 -20
-32 2 8 -9 11 52 15 -31
15 -10 -3 -9 -17 -49 -24 21
-16 -2 -6 7 15 45 15 -27
34 -5 16 -6 -11 25 6 30
-26 5 1 -4 -13 -30 -43 -31
37 5 -10 12 9 -16 26 34
-18 1 -9 -47 -16 -16 -3 7
11 -7 2 26 -1 -6 15 -7
-32 -16 18 -9 -2 -15 -60 -21
-9 9 -12 9 27 54 27 -8
-43 0 16 -10 -14 -49 1 -17
9 -3 -38 -12 -5 8 25 44
55 -4 12 10 8 55 34 11
-46 -14 2 27 -3 -32 -39 -14
-1 -3 -16 -8 -7 -36 -20 -14
1 28 48 -11 14 45 11 -26
-44 3 11 14 8 10 51 38
27 8 12 19 1 39 -16 1
-12 -28 -5 -35 -21 -68 -2 23
-13 11 3 73 41 28 -18 -33
33 4 -4 -20 -22 -49 -49 -14
-4 -6 -16 -32 -7 15 39 4
-3 -12 -8 -12 -7 15 -35 -2
7 5 1 -31 5 48 38 -16
17 -13 0 36 -7 -13 8 -13
16 -2 -1 2 -15 -96 -88 -12
-2 2 -1 2 15 29 9 -15
-27 -16 -13 -12 -7 -29 -19 -5
68 14 -14 -5 0 26 92 82
-52 -32 -13 -25 -21 23 -49 -62
64 22 31 13 -6 -8 25 36
27 5 5 -1 12 -8 20 -16
-49 -24 -9 -24 -20 -58 -45 -41
-8 1 -46 -15 2 52 -2 8
-81 -24 0 30 -4 -56 -22 2
-48 3 4 -1 -4 38 23 -11
16 11 12 4 -10 -13 -36 -26
27 12 -14 -43 4 10 46 53
37 -5 -9 3 6 24 -17 -9
-10 2 22 25 0 -7 14 15
-64 -14 -9 -6 0 -6 -23 -10
33 -2 7 1 3 6 30 14
28 8 0 -7 -8 -45 -8 3
9 2 13 -27 -24 -45 -68 -14
9 -10 -30 -5 14 33 52 -4
34 17 17 20 10 -3 -18 30
-28 -9 -13 -18 -7 1 40 -8
-19 -8 -6 -28 -15 14 -18 -21
68 -18 -2 38 5 -45 -45 7
22 5 25 21 6 26 39 -4
76 20 -27 -24 -9 -6 12 62
-86 -39 -6 -3 3 14 17 -73
-4 19 13 -23 -6 39 -3 11
46 20 33 13 3 -98 -23 -40
-6 -27 -32 3 -7 0 -81 14
13 2 12 3 6 28 40 25
71 -9 -17 -11 5 0 43 11
-9 -13 -5 -34 -31 -25 -39 -41
-7 0 9 12 25 38 -3 -28
42 2 -16 -10 -6 -25 -40 35
-85 -16 -5 -4 1 8 34 -43
44 16 -1 8 -4 18 -8 5
-20 19 -2 -14 1 -7 19 58
71 -6 13 20 8 64 45 32
18 6 24 13 -6 -62 -60 -22
87 12 -5 -14 1 33 43 28
-42 -8 -1 -11 -2 -1 -6 -36
10 21 -13 5 18 14 -1 4
-31 -14 -2 -1 -11 -4 -20 8
-47 -15 -19 -25 -16 -33 -27 -27
51 2 23 20 9 37 30 7
-6 -9 -13 -16 -15 -25 -39 -14
21 9 2 17 21 13 61 16
8 2 0 5 -11 -13 -17 25
-5 -20 10 -4 -6 -41 13 -37
14 11 -15 -7 1 14 -21 14
19 11 1 -2 5 -6 -21 -2
45 -17 -6 -12 -6 16 21 8
-6 10 -1 4 3 -7 -19 -21
-80 -14 -2 -7 -10 -4 -22 -15
-84 -3 -9 25 9 52 68 39
-91 -24 10 4 -7 -56 -24 -26
19 12 14 -15 -5 18 9 1
-3 1 -14 33 28 -4 -31 9
56 8 27 18 -7 3 18 0
-43 14 6 -6 4 23 -3 -25
-41 -5 -6 5 3 33 0 -6
32 4 1 -23 -3 -59 22 42
40 8 -10 -19 -9 9 -43 -17
-55 -14 3 15 4 10 42 -3
-46 -9 -10 -6 -11 -4 -27 -23
-2 -17 -10 -33 -16 -32 -19 -13
9 9 19 42 28 41 18 29
-44 -19 -3 -5 -16 -16 0 -3
-31 13 -17 -23 -4 8 -5 -34
31 5 32 6 -6 24 -25 -20
-71 -23 -27 -11 -6 -112 -29 29
4 4 25 7 8 27 16 -12
8 0 -14 24 12 -2 18 16
-6 6 9 -22 -20 -20 -29 -45
7 17 -1 -3 1 4 -10 1
-14 2 -17 -5 9 29 8 8
52 -22 -8 3 -17 -52 -8 25
28 21 -6 -8 7 44 6 18
9 -3 0 7 5 30 17 -32
51 -7 -2 -5 -13 -55 -85 -35
35 11 -2 8 15 48 77 9
10 -26 -13 3 -10 1 29 58
-30 13 2 -15 -3 -34 -38 -15
-15 15 20 11 18 26 -15 -8
-3 1 -6 -24 -23 -15 -7 4
-22 -16 -6 43 7 -17 8 -26
7 3 2 6 23 30 32 37
3 3 -20 -17 -3 -1 -36 -12
-46 -6 10 6 -9 -27 -49 -13
-17 -2 31 34 11 23 63 16
38 4 5 -35 -28 -32 -65 -46
9 16 -25 3 11 31 96 54
-14 6 13 -9 22 75 15 30
-8 7 -22 -13 -13 -81 -10 -4
-15 -15 18 2 10 48 -6 -19
49 7 2 7 -6 -37 -72 -2
28 2 -11 4 -1 40 86 24
-8 18 16 -9 2 21 1 2
-4 0 -22 -36 -24 -46 -39 -16
18 -15 -26 27 16 35 -43 17
25 2 38 37 24 22 76 -23
25 -5 -17 -16 -8 -1 -17 -13
17 -11 -17 -36 -30 -6 3 -6
-46 10 9 23 11 -32 -26 -25
18 -3 -12 39 13 -29 -75 -8
-16 -30 -1 -13 -8 11 47 -19
-43 -4 3 -9 -13 3 -18 -52
102 -1 -12 -21 -19 -16 26 53
30 -20 -8 -5 0 -10 -64 -29
5 -4 -4 3 15 22 27 20
42 21 1 8 -9 -42 32 0
-24 -3 11 2 26 58 55 13
-46 -1 1 -3 -8 -41 -18 -4
79 13 -6 -8 -4 43 -49 -21
-75 -29 -13 1 3 -21 14 -3
7 1 -14 -26 -3 10 11 33
23 12 15 -2 -11 -16 11 -8
-50 10 38 -23 -2 -10 -44 -29
15 11 -18 55 24 42 29 36
-27 8 -2 -24 -7 19 12 -20
10 -17 -3 -13 -8 -15 1 -19
5 0 -25 -4 -8 -12 -1 14
22 13 34 -1 -12 -17 -37 -3
-52 -14 -11 -27 -23 -11 -17 -38
15 1 -9 -8 19 29 -2 13
72 20 21 39 33 58 74 66
-35 -35 -23 -19 -3 26 6 -46
40 4 20 19 -6 -30 -21 -11
-19 7 -6 -22 -35 -58 -72 -44
-27 -11 -35 -24 12 -18 46 27
20 14 44 54 27 26 13 25
-39 -2 -4 -6 -7 -5 -21 -10
-8 -12 -14 -11 -5 -24 4 6
2 -7 -5 2 -3 1 -41 -17
17 6 -9 -38 -21 -8 -3 29
-34 -2 -10 -38 -18 -13 41 -10
-7 2 33 93 36 22 13 34
16 -4 -1 -1 -6 -22 -6 1
18 -4 -13 -17 -1 8 -5 -3
-1 -9 2 0 -5 10 -28 -37
-55 -20 -29 -36 -19 59 20 5
23 0 21 26 2 -96 8 7
8 -8 -24 -27 -10 6 11 21
22 5 18 23 26 40 7 -10
4 2 -18 -8 -9 -2 -30 5
-18 -12 -17 -8 -3 21 33 2
-28 -10 -7 -24 -18 -26 -29 -19
19 -6 20 15 -1 5 14 9
-10 9 10 -7 -1 -38 -31 -22
-10 12 -14 -60 -33 0 -10 0
86 15 27 68 36 11 9 -19
18 -33 -45 -22 4 5 5 43
14 10 26 1 1 -41 -8 -17
-13 -2 1 -5 -14 -2 -19 -14
-6 0 -23 -28 -32 5 -43 -30
5 8 4 7 35 23 36 28
6 -6 -17 -28 -9 39 50 15
-36 -1 9 32 15 11 -26 -42
30 -11 3 -1 -4 -40 14 44
6 5 7 23 0 3 -18 -31
12 7 -14 -44 -5 48 12 53
-8 -11 23 69 -2 -81 -66 -50
-2 6 -35 -33 5 69 97 41
-27 -18 7 17 -3 -43 -41 -22
66 20 42 0 4 6 53 25
37 2 14 -23 -17 14 -25 -9
-67 -5 -10 -3 0 -28 -50 -9
-10 -12 -40 -13 -5 23 3 12
-7 4 9 5 8 -53 -6 -33
31 -7 12 -3 -10 13 23 30
-18 2 -10 -5 14 7 -48 -18
-31 6 2 -13 -15 -4 24 -2
-43 -14 6 15 -4 -10 21 10
2 -3 -19 -14 2 25 19 1
7 7 13 -1 -6 14 -37 -25
-3 -8 2 18 7 -25 -18 10
-4 -9 -10 11 3 11 -48 -51
-3 10 -9 -14 0 9 34 47
3 -4 4 -43 -15 -42 -8 -18
-38 4 53 66 25 14 -1 -16
53 -9 -34 -32 -9 -12 -31 36
-28 -7 -9 -26 1 38 23 -30
49 -11 -46 5 -1 -4 12 57
-19 21 13 -7 -1 3 24 15
-60 2 16 17 3 -22 -1 -28
-34 -17 -24 -6 -17 -30 -35 -33
28 0 6 -6 5 13 4 4
18 -11 -15 -26 -23 -35 13 12
8 8 -8 -1 -6 23 -17 -12
-23 4 6 11 8 -27 -21 -19
-12 -9 22 36 23 60 59 33
34 -2 -12 -7 -3 -9 -34 -2
-14 4 8 -13 -4 24 5 -8
-9 -12 3 11 4 18 30 10
5 -4 3 16 -5 -39 -9 -23
-12 -6 -20 22 8 10 -39 -26
-7 -22 -11 -48 -43 -79 -54 -5
21 -3 -3 80 36 12 38 31
10 16 17 -12 -4 -6 1 -10
14 -3 -23 -41 -24 -6 -16 -4
14 1 3 5 -7 16 54 -4
-25 9 6 24 17 22 -13 4
17 -3 10 9 4 -24 -22 -22
5 -3 -4 -7 9 23 -4 29
-9 0 9 5 0 -6 -4 -23
2 -1 5 -15 -8 -4 8 10
-32 -5 -6 -3 -13 10 -33 -11
12 11 -14 -32 -11 26 7 -16
-11 3 25 52 30 -4 2 41
15 4 9 -11 0 -2 -23 -20
10 -18 -21 14 -4 23 73 43
-12 9 28 1 -4 -10 0 -17
-26 -8 -22 8 3 -1 -14 -19
-14 -15 -6 -12 -13 -52 -62 -23
-14 12 12 -12 4 15 -28 -8
51 -4 -12 -6 -17 -5 32 20
1 8 -2 7 12 26 19 -2
31 -2 5 -6 -4 -24 -40 -7
-28 6 -8 -15 -10 -15 2 -21
24 -1 24 7 5 -4 56 45
-5 -2 -22 8 22 25 -31 13
7 8 -8 -5 -6 -21 10 -20
8 -6 8 -11 1 70 34 39
2 -4 -15 -20 -10 9 3 -20
-11 -2 41 37 16 -10 -42 19
22 9 -14 -44 0 35 89 21
5 5 28 37 2 -16 -29 -7
-4 16 -21 -83 -35 -49 -35 -13
-28 -25 -19 79 35 12 43 -1
-32 3 0 -26 -7 21 -10 6
-3 -9 -6 -15 -24 -88 -81 -54
13 26 18 24 19 44 75 45
-3 -4 -10 -29 -2 13 -9 -23
-29 -15 -1 -1 -17 1 -11 -12
-5 8 -8 -12 10 10 -13 -12
8 -11 -9 6 12 -10 -6 4
-5 17 6 -6 -8 91 3 -8
11 2 7 13 14 -25 50 36
-10 -1 5 -2 7 44 23 26
-4 -12 -7 1 6 -11 -34 -30
28 8 17 -6 -14 -13 -9 6
-2 4 -10 -27 -14 9 13 -7
-11 8 12 21 -4 -18 -12 -25
-25 -21 -35 4 -3 -13 -42 13
19 1 -8 7 6 -2 38 -4
8 33 6 -3 3 36 33 -4
13 -6 17 18 3 -39 41 26
-39 -24 -20 5 -13 -19 -24 -27
17 0 4 -37 -20 -28 -47 -23
-20 -10 -9 27 4 2 -31 2
2 -1 -10 -23 -10 -5 7 -7
14 -2 11 3 10 39 38 5
-44 12 5 1 -8 -8 -21 -10
32 -17 10 1 -3 -55 1 21
-33 -8 -17 -2 -1 -11 8 -1
-28 -11 9 7 -11 -11 -27 12
43 -4 -16 -33 -10 -21 -6 -2
-21 -6 -17 39 18 61 -2 -1
-56 -20 -14 -28 -9 -64 -61 -56
14 3 0 13 1 -8 40 32
-1 5 40 40 17 2 19 21
0 -9 -25 -36 -6 25 -1 1
22 -3 7 14 -7 -13 -11 5
6 16 13 -5 14 59 29 -17
3 -18 -27 -46 -18 -78 -39 -4
30 8 11 30 5 4 14 23
-30 3 -1 -1 -3 12 -5 -28
3 -17 -5 -11 -6 -31 -28 -12
47 11 -19 -36 -14 27 30 34
-37 -16 -18 -14 -12 -14 -44 -26
-36 1 -17 -9 -2 19 49 -20
58 14 29 22 15 4 6 21
-50 -16 -8 -9 7 14 44 7
-12 1 5 9 2 17 -26 -20
20 12 -6 -14 6 7 6 38
1 7 5 8 -20 -47 -38 -27
-43 5 -4 6 15 16 1 -11
36 -8 19 0 -5 7 -39 -24
23 3 31 15 3 8 7 9
-1 4 -8 15 9 -2 18 7
-5 7 -16 -42 -21 -19 -23 -1
21 0 21 11 0 -4 23 19
69 1 -4 20 9 6 -3 8
-52 -24 -6 -9 -17 25 2 -12
23 -2 -2 -8 10 -26 9 -7
4 20 -12 -27 -7 -50 -80 -32
-9 -34 -12 -7 -13 32 64 41
19 21 19 -11 -5 -2 -3 -10
-64 1 -3 24 -13 -7 -41 -38
