    -12 -58 -35 -2 4 -3 -1 -5
4 14 8 -4 -6 -8 -2 0
25 9 21 2 -2 11 0 1
-17 6 -5 22 6 -10 -4 -6
2 12 2 -14 -5 4 7 2
1 -13 -16 -15 -9 -2 -6 -2
8 -14 -3 11 15 6 2 3
10 31 9 -13 -8 -2 1 -1
-9 -59 -16 3 -19 -47 -12 -4
9 17 10 6 24 44 4 0
-1 5 1 -14 -8 3 -8 -1
-6 26 22 12 9 17 24 8
-2 -14 -7 -1 -2 -5 14 0
7 2 -6 -2 -4 -14 2 -1
-7 -2 -2 6 8 2 -1 2
1 16 8 -3 1 4 -13 -5
13 4 -3 -2 -5 3 -10 -2
-15 2 7 -8 -11 -6 4 -2
-4 -11 -16 -4 -11 -18 -13 -9
5 -20 -16 -12 -6 -4 1 3
-15 -11 10 -9 -4 -9 -3 -4
5 -8 -12 8 12 17 -6 -5
-15 19 3 0 1 3 4 -2
-2 -19 0 -6 -10 -12 4 -4
1 13 -6 -7 -3 14 -2 10
3 -20 -11 -8 -10 -4 -5 9
13 12 14 1 0 5 -11 -20
7 17 14 14 20 28 14 0
1 4 9 9 5 -16 -3 -1
-8 0 11 -5 -8 -23 -2 -2
-7 -59 -38 -4 -9 8 5 2
-4 16 1 -5 -13 -22 -9 -6
6 -15 -4 2 4 -4 3 -7
-15 26 10 -5 0 7 -5 3
16 61 67 17 9 9 4 8
3 -32 -30 2 7 3 -7 -3
-11 -16 -29 -2 -7 -14 -2 -4
-7 11 -11 -7 -3 -2 1 -2
-9 9 3 -1 5 11 21 9
4 28 45 17 4 -11 -8 3
14 34 30 -7 -14 -24 -10 -9
-3 -44 -53 -9 6 3 2 3
5 6 -12 -5 7 9 -9 -3
2 17 6 -5 -9 -13 1 7
-10 -33 -20 -1 -2 11 0 -7
2 23 27 2 -13 -29 -3 -11
5 -13 -17 -13 -6 -9 -2 7
-6 -3 13 -1 0 12 -7 -7
1 8 20 2 2 0 1 2
-17 6 -12 6 10 10 4 -3
-7 -43 -37 -5 -3 -13 -13 -6
-3 10 -7 -11 -7 -4 11 12
-31 19 19 -2 -1 19 3 -4
8 -14 6 -7 -2 2 5 1
-27 -32 -8 -17 -15 -24 -15 -19
0 13 -1 -2 -6 -4 -1 4
9 12 1 -4 3 7 13 7
-3 -46 -15 0 0 29 -1 -1
-1 12 5 4 -6 -15 -4 5
21 -19 -22 -17 -16 -17 -15 -2
-1 11 12 0 -6 0 8 -2
21 46 37 15 31 70 19 8
-4 -26 -26 -2 0 -2 1 -4
3 9 2 -5 -3 7 6 1
-8 -1 -16 -1 5 -4 -6 -6
-21 3 10 6 -11 -21 -3 -9
29 15 22 7 4 2 -1 4
-9 -26 -40 -17 0 6 -4 -7
5 1 -7 5 1 1 -1 1
7 14 23 0 -7 -21 1 5
0 0 7 5 -3 -6 -3 -2
-12 -26 -22 -6 2 -2 -11 -11
0 -28 -49 -11 -8 1 -9 1
5 -7 -13 -8 -14 -27 4 -2
1 -1 14 10 0 -38 5 6
6 31 24 4 22 96 17 -1
0 -12 -6 -15 -12 -22 -14 -3
6 66 48 16 14 13 -6 3
-36 -81 -94 -40 -23 -16 -9 -18
5 30 19 9 6 -12 2 6
-1 12 20 27 9 3 -2 -1
-8 -14 -29 -15 -15 -14 -7 -10
8 38 45 12 4 1 6 14
-10 -21 -11 3 -3 -9 -16 -10
5 22 9 1 6 12 11 8
6 0 13 9 5 -9 6 0
-1 -12 -10 -9 -4 -1 -10 -4
-18 -39 -20 -3 -6 -25 -12 -11
6 36 41 13 6 1 11 3
11 -28 -26 -12 -3 -7 -2 3
-1 35 20 12 9 46 6 1
9 8 25 4 -3 -25 4 15
-4 -35 -36 -3 -5 -18 -12 -24
3 14 8 -9 -6 7 0 5
10 8 13 -2 0 -2 -2 -8
-15 -52 -52 -5 -2 -12 -10 -2
-3 -9 -2 0 0 18 11 5
-14 -21 -23 -7 -8 -21 -7 -10
9 18 20 2 -5 -22 -8 1
14 38 31 7 3 12 12 3
-8 -28 -9 2 6 22 -11 1
-21 -31 -27 -23 -18 -6 -10 -15
8 18 10 26 21 3 11 3
-4 1 -7 -5 -14 -17 -2 4
10 17 4 -7 3 3 3 1
-5 16 24 2 1 -1 -8 -2
-13 -2 6 -2 -14 -17 -17 -14
7 5 0 14 23 19 24 19
36 41 28 4 5 2 -19 5
-52 -76 -79 -26 -17 -5 -2 -20
5 37 1 -10 -9 -8 7 5
-3 8 14 -5 -11 0 -9 -11
19 17 20 17 -3 -36 -1 4
24 12 15 11 13 21 3 24
-3 -3 -2 -2 21 72 24 -12
-6 -11 4 -1 -5 -17 -6 -4
-8 -14 -17 -9 2 11 3 1
1 -45 -46 -20 -22 -34 -11 -8
-6 1 1 7 0 1 0 12
0 12 10 5 -5 -4 -6 -7
-7 -18 -13 -7 -1 8 4 6
23 42 56 26 28 23 5 2
-15 -18 -40 -15 -7 -10 -8 0
-17 -18 -29 -18 -16 -17 -5 -11
4 7 22 7 1 6 -2 -2
10 38 3 -4 1 6 5 8
3 39 19 15 8 -4 4 6
-4 -4 -9 -8 -6 -3 -10 -11
-15 -56 -37 -21 -15 -13 -3 3
9 43 38 15 7 6 -1 1
1 1 1 2 1 -6 -7 1
-3 7 7 -2 0 0 5 -1
1 17 15 -2 -4 4 7 0
8 -14 -21 -5 1 -4 0 -2
10 1 -2 -2 -10 -23 -4 -1
-15 -27 -14 6 13 3 8 -2
-15 -26 -13 -7 -5 4 -8 -6
2 -15 1 -4 -5 0 10 7
20 -19 -3 -9 -3 -1 -5 17
-27 21 9 8 6 10 -7 -23
3 25 7 1 -9 -20 1 0
2 -12 -9 7 10 15 -11 -3
6 -20 4 -1 -5 -16 -4 -4
11 27 17 1 -5 -10 1 7
-3 -17 0 -2 -1 2 10 3
3 34 -5 -1 2 6 -5 -5
-9 -35 -7 -5 -4 -3 -13 -6
-2 -31 -23 0 0 7 10 -1
-13 62 41 3 0 -1 18 -3
-10 -54 -29 4 1 -12 -6 -7
-10 13 -10 -9 -8 -35 -20 1
1 -12 -3 -9 2 38 -1 1
0 19 0 0 4 17 3 1
0 11 17 1 -1 -1 5 2
-6 5 10 7 -1 -2 8 -1
1 -43 -20 -9 -3 -14 -8 -3
-7 -15 -2 9 1 -4 -16 -12
6 15 8 -2 3 3 0 4
-4 -4 -5 1 -2 11 6 -2
16 17 18 0 -11 -21 -1 11
15 -21 -31 -6 -3 9 -9 -5
0 -27 -10 0 -5 -4 -3 -9
-44 39 33 2 8 4 14 7
15 18 -7 -1 0 14 5 8
1 -53 -34 -5 -2 -7 -7 -9
-32 -15 1 -17 -18 -28 -15 -16
13 -5 19 4 4 29 1 -7
-2 1 4 9 3 -4 -14 -9
0 2 -26 -9 -5 -18 17 10
18 12 5 7 6 11 14 16
12 16 1 -4 -3 1 8 -3
-11 -10 20 13 4 -4 -9 -6
11 15 -5 -17 -7 -2 -12 1
-12 0 -3 7 -8 -11 -4 -2
2 -31 -24 -5 -6 -9 -11 -15
-1 8 -10 -13 0 0 -5 -10
-6 -1 5 0 -5 -9 1 25
14 26 28 10 7 -5 3 6
-24 6 -4 -1 4 26 1 -8
-11 -52 -53 -23 -15 -24 -3 -9
-18 -23 -5 -6 0 4 -6 -15
0 11 17 14 0 -17 4 0
11 -3 13 3 -4 -4 -18 1
16 67 23 1 7 7 36 19
-35 -68 -22 -21 -18 -2 -16 -19
11 6 -22 23 13 10 -2 6
-29 -53 -43 -21 -8 -6 -10 -15
-24 -23 -11 -10 -3 0 -6 -3
20 30 5 12 -1 -25 -5 1
20 37 43 -4 -7 14 6 3
5 12 -11 -4 1 13 3 -2
16 -16 -4 2 22 54 9 6
-20 24 7 0 2 -11 -5 -2
-7 -21 3 -5 -13 -13 9 -2
13 -13 -10 -6 -10 -13 4 12
-2 8 19 7 10 17 -4 -13
-1 15 1 7 13 17 -1 -2
-11 -17 -21 -14 -6 -11 -6 -9
-4 -41 -17 -5 -5 -9 -4 6
0 20 5 5 -4 -10 2 2
7 5 -3 -10 -11 -8 -6 -5
-18 -20 8 8 5 5 1 -7
-16 23 10 19 16 13 3 -4
8 30 30 12 -4 -24 -10 -1
-1 14 14 13 0 -27 13 5
2 -27 -41 -33 -2 37 -4 0
3 6 26 1 2 11 -4 -2
-2 -1 -18 5 -4 -17 5 -2
6 5 26 7 0 -13 -7 -1
-9 -4 -16 -11 -3 -18 -8 -8
16 0 18 7 4 5 17 11
1 45 27 0 -8 -12 -9 3
-4 -78 -78 -14 3 30 -2 -4
-13 11 13 -4 -11 -37 -20 -7
17 32 12 12 13 -5 18 -4
-43 -81 -27 -13 -8 -9 -10 1
12 40 27 -6 -10 8 -2 2
8 19 10 24 16 16 6 -3
-3 14 5 -13 -6 -6 -5 -2
7 -46 -8 13 0 -7 1 7
-15 -30 -31 -11 6 15 -5 -4
-19 -7 -14 -15 -15 -34 -27 -10
10 24 8 3 3 -5 38 12
-3 3 -3 -6 -7 -10 -16 -12
9 -2 16 9 14 18 -2 -6
-8 1 0 -1 -6 -6 5 4
4 -22 -34 -7 -12 -19 -25 -13
6 7 3 -7 -7 -8 1 1
2 19 15 4 -10 -28 4 17
14 16 17 13 16 25 20 2
-9 -5 -4 -1 -6 -10 -16 0
-12 -7 -14 -14 -3 12 4 -9
5 20 18 9 1 3 -4 -1
-3 -8 -5 -2 3 14 5 2
-3 -8 10 -4 5 -2 -1 -2
13 -16 -33 -8 -14 -37 -5 1
-13 27 10 -4 -3 16 -6 -4
-2 -24 -22 -11 -5 -15 6 -6
-36 23 18 12 18 37 13 6
13 49 41 13 11 -18 1 5
-19 -92 -63 -24 -16 -4 -8 -16
-3 8 -2 -4 -1 14 -2 3
9 2 11 2 -8 -20 -11 -3
24 14 -3 -1 -1 4 9 7
-10 26 39 10 5 1 -1 -4
2 -31 -21 -24 -17 -6 -12 -6
8 5 -18 -10 -1 -4 -2 -1
1 -5 25 20 10 7 -2 -4
19 28 -8 11 7 -1 -4 1
-5 37 30 11 10 -2 15 11
-3 -73 -34 -18 -15 2 -23 -15
-16 -12 -23 -12 -4 7 12 4
5 8 11 -2 0 -8 2 0
17 33 21 8 -4 2 -3 10
-6 72 11 0 4 8 0 1
-30 -84 -53 -14 -11 -1 -12 -1
2 5 -3 -3 2 6 5 -19
11 -4 7 -2 -6 -12 -12 -10
3 -20 -11 7 -2 -10 -8 -3
12 24 20 5 6 12 8 2
-12 1 2 -6 -2 -13 8 6
-8 -17 -11 -5 -6 -9 -2 4
14 35 33 8 2 1 -6 -1
-36 -57 -58 -21 -13 -8 0 -8
7 38 32 7 -1 12 7 4
-17 -51 -33 -9 0 0 -7 -12
1 12 6 5 7 21 -6 2
29 76 33 4 -1 6 13 13
-16 -53 -50 -10 -2 -10 -3 -3
-12 -5 -16 -18 -15 -2 -10 -8
-5 27 9 23 6 -9 -1 -1
27 2 11 -17 -7 -4 -12 -7
3 31 39 23 29 34 31 17
-7 2 16 26 15 10 -8 -1
3 -42 -23 -18 -15 -11 -4 -5
13 36 24 11 13 8 7 9
-20 13 8 1 0 28 0 -5
1 -18 -11 -3 -5 -14 -6 -3
0 -10 -8 -12 -8 0 20 -3
-8 25 11 11 5 0 -14 2
12 -45 -11 -11 -9 -12 -9 -4
-9 14 -2 -6 -5 6 -6 -1
13 -61 -29 -10 -13 -15 16 -5
-19 25 6 9 4 -1 4 3
-3 5 -1 8 7 9 0 3
19 26 20 1 1 8 1 3
2 17 -18 -3 1 2 5 5
-6 -38 -29 -7 -14 -21 -7 -9
-1 4 3 -9 -5 -16 -6 7
0 18 14 12 8 12 6 -3
2 41 25 -2 5 14 1 11
-27 -65 -32 -9 3 28 -27 -25
-4 18 0 -4 -5 -24 9 5
11 -2 -13 -8 2 6 18 9
-2 14 20 6 -4 -8 2 3
19 11 3 0 -7 -24 -5 1
7 -29 -18 -1 -8 -16 -15 -24
-7 22 32 9 20 23 6 0
-17 -13 -28 -10 -11 -24 6 1
1 -30 -8 -12 -6 3 -6 -5
0 5 -9 0 9 11 5 2
0 -18 -1 1 -8 -13 -13 -4
-28 9 5 -1 -1 -3 -4 -9
-21 23 14 7 6 3 2 -6
28 15 10 1 -9 -25 -16 7
-6 -30 -18 -8 -1 11 5 -1
2 -19 -8 -12 -6 4 -9 -7
6 27 28 -1 -9 5 25 20
20 -13 -21 1 1 -1 -6 -1
-12 30 11 -4 1 -11 -12 -4
-4 -40 -22 6 1 5 -3 -7
11 17 12 0 0 -5 3 -1
11 26 29 4 -7 -12 -2 -1
-13 -27 -23 3 -2 -3 -2 -5
8 -1 -13 -12 5 9 -3 5
9 27 24 9 2 -15 -8 12
-9 3 -26 -15 -1 35 15 6
-14 -3 -1 2 -2 7 -3 -13
5 16 14 13 13 10 0 6
-7 -18 -17 -2 -4 -18 -5 -8
-26 -37 4 -18 -13 -9 7 1
28 -13 -11 -2 -1 0 12 9
4 -34 -42 -3 1 2 -13 -9
3 63 36 7 1 4 1 2
-15 -24 6 3 -6 -20 -15 -11
-19 -53 -40 -16 -6 -6 -11 -9
4 31 20 0 -4 -10 -4 -3
-6 -31 -13 1 0 4 -8 -3
5 -6 -15 -5 1 -10 9 -1
9 62 30 2 -4 -8 2 8
-15 -18 1 -4 -9 -4 -5 -10
8 -8 2 3 11 17 -10 -9
-36 -63 -51 -15 -2 9 -5 -6
13 25 21 6 -7 -24 19 10
-13 1 5 -3 -4 -7 3 -4
5 -10 9 3 -8 -7 -4 -3
6 27 13 14 11 8 -11 -10
-5 -27 -20 -6 -5 -17 -7 -5
11 5 7 -8 -7 -8 -3 8
8 0 0 -5 -2 -6 0 -1
18 53 29 9 -1 12 10 14
-16 -59 -20 -10 -8 -6 -13 -8
8 17 -16 -6 4 9 1 -1
-2 -18 4 15 2 1 -1 -1
-1 -4 -25 -3 10 13 5 3
11 16 15 6 0 3 -8 -4
-10 -3 -21 -15 -10 -7 4 5
6 -21 11 11 2 -19 -2 -3
0 4 2 0 -2 -7 -8 2
-10 13 -5 1 7 31 0 -8
-6 -1 18 2 3 2 26 6
-3 18 -15 -15 -10 -5 0 2
12 5 28 12 0 5 -8 -3
7 3 -6 -1 -3 -3 -3 -1
5 -10 9 -1 -2 -14 -5 8
2 4 -15 -6 5 14 16 3
8 26 18 4 -1 -10 -6 0
-13 -28 8 6 -1 -17 -8 -5
-5 -39 -35 -9 -8 3 -9 -5
-7 46 6 -8 -7 -11 6 2
-15 -49 -29 -16 -17 -12 -8 -8
8 38 11 9 9 8 1 2
15 7 12 8 -7 -22 2 0
0 0 13 2 -1 3 -14 -3
4 24 21 11 12 22 -5 -11
-20 -10 -24 -19 -5 29 11 9
-22 2 0 3 6 2 -14 -12
3 -6 -5 -2 -3 -15 7 15
-11 4 3 2 -3 -2 9 0
8 16 16 4 -5 -28 -6 -3
-4 14 11 3 0 8 -3 2
-9 -66 -54 -9 1 10 -2 -15
0 -1 6 -5 -7 -21 -7 -2
8 7 -2 1 3 -3 -4 3
10 5 0 -4 -4 -6 4 -4
-4 51 25 6 -1 9 0 -1
20 -18 16 10 12 5 3 18
-5 21 7 6 -5 -11 -14 -21
-20 -81 -43 -8 -4 -17 -8 -8
-5 -47 -32 -11 11 53 -13 -10
3 4 -9 -4 -6 -22 8 -3
27 9 13 1 -7 -6 21 19
-1 33 43 14 13 10 2 2
-2 0 2 -6 -4 -7 7 1
-14 -2 -7 -2 -7 -22 -16 -10
15 -5 2 -3 2 13 4 1
-32 2 13 0 0 -11 9 11
-5 22 -9 -3 -3 -10 -10 -6
-20 -48 -35 -23 -17 2 3 -6
0 5 -7 3 0 -14 -5 2
14 -1 2 -2 -6 -26 -6 -4
15 3 9 2 16 56 19 7
1 10 1 17 6 -1 5 4
-19 -16 5 -6 4 9 2 -5
5 -6 -12 -3 -1 -1 -13 -5
1 6 8 0 -5 -27 -9 -4
7 9 -8 -7 -14 -15 -14 7
-1 -11 2 -7 4 26 15 -16
15 15 -13 -1 3 19 13 3
0 45 13 8 -3 -19 9 7
-27 -84 -44 -18 -12 -18 -14 -23
0 18 2 -1 -3 -12 -1 22
13 43 35 16 18 22 2 6
-10 32 16 5 -2 10 0 -2
-33 -79 -45 -21 -5 -16 -13 -16
5 9 -11 -7 -5 -16 -11 -3
11 -17 -7 -6 -13 -19 5 -5
-24 -5 7 6 -1 -17 7 8
16 59 38 5 3 16 9 2
-12 -31 -23 6 -2 -1 -6 -5
15 -2 0 -11 -5 -8 -11 -2
8 -16 1 -6 7 35 -1 1
8 34 31 14 6 3 7 7
-10 -37 -39 -15 -8 -18 -3 -18
-4 -42 -26 -12 -9 13 -25 -11
3 -18 -16 -7 6 23 10 2
3 34 21 23 14 3 13 4
5 21 7 2 5 -8 -4 9
-4 12 10 9 -7 6 -5 -9
-2 -22 -9 -12 -8 -32 -4 -3
-7 -33 -36 -16 3 38 -14 12
-3 4 8 12 7 6 10 0
-14 6 5 0 -9 -14 -1 -2
10 15 24 6 -7 -19 2 1
-5 31 11 2 3 26 -1 -9
-5 -51 -38 -19 -18 -44 -20 -7
-1 1 -2 -3 2 -2 6 3
4 16 5 11 6 0 -7 3
9 -2 16 7 7 -4 19 4
-15 -94 -42 -15 -9 15 -10 -11
-30 38 8 -1 -3 -9 -2 -7
-6 8 -19 -5 -7 -3 -5 -3
10 30 29 8 -4 -20 -5 10
13 48 25 11 15 29 12 2
-13 -59 -25 -14 -6 -4 -14 -9
-11 -9 2 1 -1 -5 1 -13
-5 9 13 -2 -12 -23 -8 -2
5 40 15 -1 -1 24 17 8
15 14 4 10 13 22 13 21
1 -16 -5 -5 -5 -23 -21 -9
8 8 -4 -2 2 -4 16 -4
12 12 26 10 8 11 -2 5
-17 -9 1 -11 -8 3 -7 -8
-1 -6 -26 -17 -8 -18 -11 -6
-29 -49 -33 2 2 11 8 -10
9 19 27 4 -7 -17 -5 7
25 -37 -47 0 8 11 4 2
5 17 15 -3 -19 -41 -8 6
-1 39 15 2 19 35 -9 -18
-7 1 1 -3 4 16 6 4
12 36 30 12 -4 -15 5 5
-24 -74 -65 -9 11 35 2 -11
8 -5 -35 -24 -38 -87 -22 -1
10 6 16 11 22 51 8 4
4 23 27 5 6 4 2 -2
4 25 21 -11 -8 7 15 5
-19 -38 -30 4 -3 -12 -10 -1
-8 -21 -12 -5 -4 -19 -8 -13
-9 22 27 4 -6 -17 -2 2
16 35 25 9 7 8 4 17
-14 -55 -41 -19 -8 10 -9 -21
-18 40 18 12 -7 -25 -23 -1
5 -22 -29 -14 6 25 13 -6
-11 -11 5 13 6 -11 24 12
12 44 27 -6 1 16 5 24
2 0 3 5 -5 -9 -9 -19
0 -5 1 2 -9 -14 -20 -9
-9 -16 -26 -15 -5 -24 -3 -29
30 17 12 6 2 7 10 37
-18 -22 -14 -7 7 31 6 2
11 -18 -19 -8 -10 -3 -7 -1
9 41 36 8 10 21 3 1
-14 -17 -12 -5 -4 7 7 -14
5 -15 -11 -16 -10 -14 1 12
-11 2 3 7 5 -9 -8 -18
3 -14 -2 2 -3 -1 -11 10
14 49 34 8 -1 -10 10 -1
-31 40 37 5 5 3 4 8
-19 -14 -43 -21 -14 -5 -3 -8
-31 -3 -6 15 6 4 -17 -16
12 36 19 3 8 5 1 2
10 -10 5 3 -10 -22 19 5
4 15 15 0 11 18 4 4
-8 -19 -7 -13 -9 -9 2 -4
-4 -10 -20 -5 -1 -6 -10 -3
-5 17 5 8 -1 -33 -1 0
3 -8 -2 -3 2 26 2 -5
13 -4 -13 -1 14 53 -4 4
-8 -23 -2 -6 -2 10 14 -8
7 -14 -10 -7 -12 -28 5 -4
2 7 15 11 -5 -19 -5 5
-25 -10 -2 2 1 -3 -4 3
10 17 6 9 8 27 -6 -1
-12 -36 -39 -9 -2 -11 -4 -11
-1 8 10 3 -6 -29 1 2
21 -15 -6 -9 -3 17 12 0
-4 49 67 9 -6 -10 -16 -11
27 1 -25 -14 -2 14 -3 11
-27 -69 -29 12 4 -4 -6 -8
1 -10 8 -13 -21 -32 -17 -11
-18 -55 -67 -14 3 2 6 -7
16 38 24 -3 -2 -1 -11 5
10 34 31 2 1 8 29 18
9 -16 -11 -1 4 -10 1 -1
3 0 29 16 -6 -19 -8 -1
1 -10 -34 -13 -3 18 -6 -16
-24 5 -14 -9 -2 -1 -11 2
0 13 8 2 -7 -12 3 -6
-6 -22 -13 1 0 5 9 6
-2 5 4 4 3 -6 -13 -1
5 -9 20 7 2 8 3 2
-24 -22 -23 -10 0 13 -7 -11
-6 36 21 -2 -1 10 -2 -2
-5 -48 -25 -5 -2 -11 -8 -3
6 -2 3 11 4 -4 3 -5
-3 -7 -7 -19 -13 11 8 12
22 31 31 30 18 20 5 7
-15 -6 3 -2 2 -3 -10 -12
7 -15 -1 -3 -3 10 7 10
-9 -3 -10 2 0 -16 -6 -5
6 45 16 1 -5 -3 15 9
1 -24 11 -3 -16 -25 2 -11
-14 -14 -30 -8 24 42 -4 -1
10 27 24 12 2 6 -13 -7
-4 -36 -19 -12 -7 -4 -3 -13
8 50 36 11 4 4 20 16
7 -4 -14 -6 -8 -13 -7 -3
-38 -11 0 -2 -13 -22 -5 -10
2 1 -16 -9 13 14 -10 3
4 14 15 -3 -1 4 -6 -3
8 -6 -17 14 2 -7 -3 -4
18 23 26 3 -5 -6 7 10
-31 -85 -71 -32 -16 -10 -11 -18
3 12 9 -3 -9 -14 -12 2
-21 37 24 -2 6 30 16 -4
10 -10 -2 1 1 -16 -8 11
-6 -25 -31 -10 -8 -15 -10 -23
5 1 -15 -4 2 4 8 11
6 37 23 16 0 -8 -7 3
-7 -25 2 0 5 28 -3 -2
0 23 8 -8 3 1 -6 1
-12 -33 -22 -5 0 7 -8 -6
18 6 5 -8 -9 -17 -6 -9
11 29 7 4 -7 3 2 0
9 -3 32 15 14 -6 5 14
-23 -67 -48 -13 -10 -6 -14 -27
14 7 -19 -13 -3 -3 4 17
-39 -2 23 20 -4 -20 -2 -8
-10 -9 -31 -5 3 2 -4 -11
14 44 31 9 3 15 14 12
-14 -7 13 -7 0 -2 -6 -6
11 -8 -25 -14 -7 -13 -13 -12
3 19 14 2 -4 -11 -5 7
-26 -21 -18 -2 -3 2 13 -1
12 -6 4 -5 -3 -1 -4 15
-12 -34 -40 -22 -21 -32 -2 -20
12 3 5 6 2 1 -2 0
-3 2 5 3 6 27 -13 -9
11 30 14 -4 4 2 4 9
15 33 21 15 12 0 13 15
7 26 21 3 -6 -5 6 7
-15 -46 -67 -21 -4 3 -14 -11
-29 22 16 20 8 7 7 -8
15 35 11 4 9 12 1 9
-12 -5 17 3 -9 -17 0 -9
9 -3 -14 -19 -5 7 2 11
1 -20 -23 -7 -12 -24 -7 -4
9 -20 -3 -4 10 16 5 -1
6 31 38 13 5 26 4 16
-6 -2 -21 -7 -3 -21 -12 -9
-11 -35 -25 -17 -10 -6 -5 6
13 14 18 7 9 6 24 13
-5 -51 -35 -13 -6 3 -9 -16
10 44 44 17 2 -18 8 2
-9 16 16 5 6 12 -12 -12
-3 -26 -22 0 -2 2 -5 3
-5 22 13 -8 -6 -15 0 0
-2 -3 7 -9 4 17 -5 0
-15 -8 -15 12 0 -3 8 -4
9 7 25 8 2 -17 -9 -9
-19 -68 -44 -10 -14 -10 5 -9
5 14 7 5 9 11 -5 11
11 -3 -19 -25 -17 -17 -7 -3
-12 -52 -11 3 -4 10 -6 -11
6 9 -24 -4 -5 -38 -7 3
11 14 32 15 19 52 5 4
10 20 24 8 17 17 25 2
-11 -19 -14 -6 3 11 6 16
-13 43 17 6 3 -15 -4 7
-8 -8 11 6 -10 -23 -4 -4
-15 -42 -23 -8 -11 -17 -20 -9
-2 10 -36 -23 -12 -5 4 -17
4 -2 5 -8 -8 30 -5 2
9 22 3 8 8 -16 10 0
4 18 24 6 -3 -10 -3 -7
-5 6 8 8 2 13 -3 -5
20 35 19 -6 5 16 3 19
-15 -39 -51 -12 -25 -32 -6 -12
-1 -40 -19 -13 6 9 -1 2
0 -4 -5 -10 -2 -4 -18 -11
0 -5 -5 0 4 -4 16 4
11 34 43 17 1 12 6 3
-3 -7 7 -1 -9 -20 2 6
-12 0 -15 -2 3 10 -10 -5
-6 -7 6 5 4 27 -10 -4
-1 3 -10 -5 -5 -37 17 8
12 30 23 1 -4 18 -2 0
-41 -44 -32 0 0 -4 -1 -6
-5 -23 -6 0 0 0 -2 -9
2 15 -8 -12 -8 0 -7 4
-3 31 3 8 6 7 4 -2
13 -4 33 -11 -6 -3 -2 5
-9 -14 -17 -1 0 -10 -2 -7
-5 8 8 1 -7 -1 -5 -6
-3 -19 -18 -7 -21 -53 -21 -12
12 9 -19 -5 15 23 2 19
6 61 57 22 1 -3 6 3
3 11 11 19 20 30 18 0
-29 -68 -41 -22 -9 18 -14 -3
16 35 21 0 -11 -53 -11 -1
12 -20 -21 -11 -6 -7 20 7
1 36 32 8 7 13 0 5
-11 19 17 13 1 -7 -4 -5
2 -22 -13 0 -9 -2 -3 5
4 7 -1 -3 10 26 -1 2
-4 -3 13 5 -6 -11 2 -8
-1 -28 -23 -13 9 3 -5 3
-8 15 -18 -8 -5 13 3 -1
2 -17 -5 3 -8 -18 -9 -4
-15 -3 14 0 -3 0 -4 -12
12 17 13 12 17 17 8 -1
-2 -55 -37 -7 -7 -9 -11 2
2 0 4 -1 3 4 -8 -10
4 -37 -42 -19 -13 -20 2 7
7 22 25 6 -6 -10 7 8
-5 32 17 12 2 -10 1 -24
-20 -59 -44 -17 -12 -4 -31 -6
2 -10 -9 -12 2 -4 15 2
3 27 -4 -3 -3 -2 13 21
1 42 51 16 7 21 15 -22
-22 12 -7 -7 7 9 -9 2
-10 -29 -34 -6 -2 5 -6 -17
12 15 6 -3 -1 4 -1 -1
1 -10 -3 -10 -13 -26 -4 5
0 52 49 27 5 -4 6 -1
-2 -9 -1 4 12 0 -8 2
-4 -20 -19 -10 -14 2 -5 -11
3 23 29 3 9 2 2 7
19 -26 -20 -9 -6 -11 -5 1
-18 10 14 4 -3 4 4 1
-8 -18 -25 -9 -10 -4 -3 -7
5 9 -4 -8 -10 -1 -6 0
-29 -84 -61 -32 -25 -40 -13 -13
6 10 0 7 6 20 -11 -4
-23 23 5 -2 12 13 -15 -13
-11 21 23 11 13 34 40 10
2 8 7 4 -2 -5 9 7
8 -5 2 -2 -2 -3 -11 2
18 -11 15 3 -11 -14 -4 13
16 -11 -34 -1 14 26 -5 -1
0 9 5 -3 -9 -6 1 -4
-6 -22 -20 -6 -4 -14 -17 -4
8 -14 2 5 1 -5 7 -1
12 13 16 0 -5 -17 -5 6
-2 -37 -46 -21 -11 -3 0 -4
21 42 31 9 -1 11 3 5
-4 -55 -13 19 16 -13 -6 -6
-10 7 10 -5 -7 -15 -12 -1
5 22 9 7 6 23 -2 -5
10 32 31 -3 -6 8 16 14
1 -22 -39 -10 -2 -4 15 4
-15 -50 -25 -5 -2 2 -5 -7
10 -5 -15 3 16 14 0 6
-6 -4 -5 -4 2 -1 0 -13
9 50 50 5 -3 -5 -2 2
-4 7 6 2 -9 -15 -10 -5
-10 -16 -4 -4 -3 2 -8 -6
-8 -6 -4 -2 -7 -22 5 5
5 14 13 -1 -3 0 0 -3
-5 -26 -35 -13 -5 -6 -6 -3
-3 -1 14 10 2 -4 -3 -11
-13 -30 -27 -11 -8 -16 -6 5
26 2 -1 -3 -9 2 6 -5
14 10 6 10 14 18 -1 -5
27 62 46 13 9 21 16 13
-15 -49 1 -18 -15 -18 -19 -14
-11 -70 -84 -22 -8 -15 -20 0
-13 6 3 9 5 17 25 6
-2 24 21 7 9 0 4 2
15 33 12 8 6 -4 -3 5
-32 -39 -22 -6 -7 -5 -8 -12
7 -2 15 -8 -16 -11 -15 -8
0 4 3 1 -8 -6 -1 -3
-9 -8 1 3 12 19 7 -2
-13 -31 -16 -14 -11 -10 -5 -7
0 -10 -20 -4 -11 -31 -11 4
-6 -5 -7 -7 0 14 15 -14
11 13 2 9 -3 -4 -9 -5
0 48 29 15 24 48 34 8
-8 -5 17 -2 -9 -20 -21 6
0 5 1 -7 -7 -29 -3 3
-15 3 -16 -2 5 8 -2 3
4 19 12 8 2 -2 0 -5
16 3 9 0 1 -4 -2 12
-30 8 -13 -7 -19 -18 -11 -4
-12 -25 -16 -1 8 4 4 -9
9 45 19 2 -2 -7 -7 5
0 25 24 -2 -1 -3 3 -6
-11 -52 -48 4 13 13 3 1
6 8 -1 -9 -26 -43 -10 -4
-3 13 23 11 13 22 -10 -3
9 18 0 2 -6 -11 13 7
33 -4 19 7 8 42 17 7
-40 -27 -4 7 11 8 -8 -7
6 9 -3 -12 -8 10 -15 -1
-8 -10 -14 -3 -3 -13 35 -6
7 20 6 1 -1 -10 -19 12
15 -1 -1 0 -13 -15 -1 8
1 48 30 3 -2 1 -3 2
-24 -60 -30 -15 2 12 -12 -19
-15 -32 -15 -6 -12 -43 -7 -6
4 15 -1 -1 1 14 1 3
2 13 24 7 2 -6 0 -2
-7 -27 -44 -3 -3 -22 -14 -10
-2 3 3 -15 -2 18 10 19
11 -1 6 10 9 10 -2 -10
-4 4 0 5 5 -3 6 1
1 6 -6 -10 -13 -18 -5 5
8 8 30 12 13 9 -16 -3
3 -14 -33 -15 -6 2 31 3
-7 -19 -1 -2 -8 -13 -6 -3
4 8 15 9 12 37 17 -2
0 6 -2 -1 -4 -8 -9 4
2 28 25 -3 -7 -19 -2 2
30 -28 -9 5 0 7 -3 -5
-3 2 -14 -1 1 4 -4 14
-12 8 11 -9 -11 -11 -4 -14
7 2 16 0 -4 3 -3 1
0 -34 -29 1 -10 -19 -8 -4
14 60 22 -4 7 19 -12 6
-28 -40 -46 1 6 29 12 -24
13 1 1 -4 -2 -3 13 9
-24 -1 0 -15 -5 -15 -3 -4
11 21 29 5 -9 -17 9 1
4 -6 -16 -2 2 5 -12 -4
-5 0 -10 -10 -3 31 0 -2
-12 4 -5 -5 -4 -16 -10 -7
0 -8 14 13 8 10 12 0
7 7 17 0 -7 -29 5 1
-1 -19 -10 -1 -2 2 -14 -4
-6 5 -8 -10 -6 15 3 3
6 -31 -21 -3 -6 -6 -14 -7
-21 4 -3 1 11 2 4 -2
29 35 16 11 13 12 2 16
4 -2 3 0 -5 -18 8 -10
-29 -38 -20 -5 12 34 -9 -5
9 -1 4 5 -6 -12 7 -1
5 17 12 -7 -3 -7 -7 3
-3 1 11 25 11 1 6 3
-3 24 2 -1 -2 0 -1 -1
-6 4 12 -10 -11 -20 -16 -4
-14 -22 -14 8 3 0 3 -9
2 -25 -7 -8 4 -2 -3 5
-13 6 0 -1 -3 -6 7 -6
16 9 12 6 2 5 -7 17
-29 -24 -18 -8 -12 -44 -25 -19
-14 -34 -23 -11 -5 9 7 -8
15 -11 0 5 -7 -26 -6 15
-1 42 34 6 6 12 3 -7
9 21 1 -6 -3 15 9 8
-18 -70 -63 -16 -8 -3 3 -18
-1 -3 -1 -6 -2 0 -9 2
33 8 4 5 7 11 9 12
2 30 16 6 -2 -27 -4 -1
-10 34 24 4 1 7 1 5
-5 4 4 -13 -12 -27 -10 -11
1 -63 -31 -2 -10 -11 -12 -9
-2 39 26 5 6 13 11 4
3 5 10 -3 -1 -4 4 0
-14 -39 -43 -4 -3 11 -11 -8
6 25 16 -7 -4 -17 -15 -3
4 -19 9 3 -5 -15 3 -4
-1 18 12 4 18 21 17 9
-23 -50 -35 -18 -10 -15 -11 -12
-5 0 -22 -4 8 24 2 -3
-2 -13 -15 -4 -1 6 -13 -4
14 39 37 3 -16 -21 -16 -3
23 60 60 19 13 18 23 14
-17 -33 -45 -11 1 -1 2 11
-8 -53 -17 -9 -10 -6 -15 -15
-4 -21 -21 -12 -7 19 -15 -5
-1 23 12 11 -6 -28 -6 -13
-3 55 37 12 0 -3 3 1
8 -32 -3 14 14 17 23 26
-3 -9 -25 -12 -3 -16 -25 -10
-30 5 -2 -3 -3 0 8 1
-7 23 29 22 13 8 22 -5
-5 -1 1 -4 -4 3 -14 -12
2 -2 -17 -4 5 11 10 7
1 -14 -15 -7 -11 -22 -15 -3
-7 -9 -12 -21 -30 -65 -21 -13
-1 9 -2 1 24 77 22 7
-6 -1 5 4 1 9 4 1
17 7 7 -4 0 11 -1 4
-3 -4 7 11 -8 -41 -4 -7
-8 -11 -15 -17 -5 8 -6 -4
4 -32 -23 0 -1 8 4 9
-3 -45 -20 -12 3 18 -2 -17
8 -9 -16 -10 -8 1 -1 -2
4 5 1 -5 -12 -27 -15 -7
17 54 46 31 16 5 7 8
34 9 9 1 1 10 -3 12
-44 -38 -26 -15 0 0 -27 -27
10 41 0 2 -8 -24 15 6
4 -5 -6 4 2 2 19 15
-11 3 11 14 11 0 12 7
10 -11 -10 -11 1 20 0 2
-20 -3 10 5 2 -9 -21 -9
-11 -7 -10 -9 -9 -11 -3 -19
1 30 27 2 -4 -15 -3 2
6 4 6 13 9 15 10 2
-15 -24 -28 -7 4 8 4 5
1 45 31 -1 2 13 0 -10
14 -24 2 5 4 3 -2 12
-21 -13 -18 -8 -11 -23 2 -27
13 37 19 5 1 2 -7 -2
5 0 6 -4 0 1 0 -3
2 8 -13 -7 -8 -1 0 -1
25 26 25 15 2 2 24 23
-1 -17 -14 4 12 -6 -1 -3
-10 -11 -9 -5 0 -10 -8 1
9 21 3 -5 -9 -16 -9 -1
10 -3 -15 -9 -2 24 8 5
-26 -26 -13 -11 -12 -11 -12 -11
-5 -13 -3 0 -9 -40 -6 -3
-12 -12 -13 -1 -1 -5 8 -13
14 15 15 4 12 49 0 15
-2 -19 5 1 0 12 8 5
-5 32 21 1 -10 -32 -16 -4
-22 -43 -25 -3 2 33 -6 -24
-7 28 3 -9 -15 -15 12 15
21 -21 -15 4 4 2 -7 4
9 6 8 -13 -5 -6 -11 -1
6 52 54 36 22 23 30 14
-32 -102 -86 -24 -11 -14 -21 -23
-2 -4 4 -12 -20 -18 -2 -7
11 14 -6 0 0 12 -1 5
-7 -9 -4 -4 1 0 -12 -5
15 10 6 8 2 4 -2 6
0 -4 14 1 -3 -28 1 4
-6 0 -14 -13 -8 2 -10 -7
1 7 0 3 13 29 -1 1
0 -3 -13 -13 -9 -13 -1 1
-7 7 -10 -7 -20 -19 -13 -10
10 5 13 15 31 50 16 6
17 18 12 1 5 10 12 3
-3 28 47 14 2 -38 -24 -1
-24 -82 -50 -17 -3 36 2 -29
4 5 -17 1 -12 -24 -3 24
-5 -42 -56 -15 -12 -27 -9 6
27 91 71 14 -9 -28 9 -5
-1 4 10 15 33 60 8 7
-6 12 9 -14 -13 1 -4 -6
-7 -15 -28 -12 1 5 2 2
7 4 15 14 -1 -2 2 4
21 68 43 7 -4 -28 1 9
-10 -57 -19 4 6 11 2 -9
8 -23 -18 -9 -7 -20 -6 -1
-3 -14 -9 -9 3 25 6 1
3 21 23 10 -6 -20 -4 -3
-15 -16 -28 -5 -7 20 -3 -7
-4 17 25 6 4 -23 -7 -6
-1 -2 25 2 13 37 11 2
17 -22 -42 -11 2 5 3 5
-32 14 1 -2 -8 -16 -1 -9
5 17 17 1 -10 -4 -1 -6
-5 2 5 -5 -6 -2 -5 9
2 27 2 4 -2 -28 9 17
1 -65 -24 -13 7 22 -3 -25
-11 10 -10 -12 -3 -10 -3 -9
-2 16 3 5 10 12 2 5
9 35 30 1 -13 -20 -5 -1
5 20 26 3 -4 -7 7 11
-17 -59 -33 -22 -8 -1 -15 1
7 -39 -51 -11 -5 6 -12 -19
-10 -8 3 15 10 7 -2 -4
16 28 21 3 -4 -21 -1 -7
-10 -8 -10 0 -4 -10 -12 19
-7 -13 -13 -13 1 28 2 -2
7 8 2 -10 -14 -16 -13 -4
-6 8 -4 11 14 14 27 9
-10 -2 14 1 -2 18 -7 -17
-19 -54 -46 -19 -8 -7 -11 -5
-10 -19 -10 -4 2 4 5 14
15 75 61 7 -6 -17 -9 -15
-30 -66 -71 -17 -15 -13 17 -3
2 6 -7 -6 -4 0 -7 3
1 6 8 0 2 4 -8 -7
-4 0 4 2 -4 -17 1 11
25 41 39 17 13 18 1 0
-1 0 12 10 14 11 4 -11
-11 -23 -29 -19 -16 -23 -23 3
6 -11 -11 -10 -2 0 9 7
16 22 24 19 -14 -16 4 2
0 -4 2 4 18 26 19 6
-8 -11 15 1 10 40 -3 -22
-14 -2 -25 -5 2 1 -12 1
-11 -33 -13 5 1 -1 -2 -3
18 10 22 11 -10 -36 -5 4
-8 28 -2 5 3 9 6 -12
10 -9 2 5 -1 2 -15 -3
-20 -9 -28 -9 2 -9 -2 -6
-3 7 16 0 -2 -14 11 3
-1 7 6 4 3 18 5 0
-3 -9 9 -13 -13 -28 -6 5
5 57 29 8 7 13 -10 2
-13 -6 -4 -1 6 -3 -3 -7
2 -11 -9 -8 -20 -45 -9 -6
-6 -50 -37 4 4 16 6 -2
6 8 12 -3 0 0 -15 -5
-7 7 -3 -9 -25 -51 -3 -3
-6 21 21 9 24 68 18 9
23 16 7 8 3 12 -4 5
-5 -46 -26 -12 -3 8 -4 -14
-7 11 2 7 4 0 -15 -5
2 -5 -8 -7 -1 -9 18 2
1 -11 -6 -2 -1 0 -13 -4
-1 31 17 -3 7 16 9 7
-6 -3 6 -1 -9 -12 5 0
5 -21 -18 -11 -6 -10 -7 -2
-6 -5 -28 0 -5 7 -2 -1
-1 -13 11 2 4 -13 6 -2
5 -12 -5 1 5 3 -16 -7
-26 -33 -11 9 6 -9 4 -6
5 42 39 -2 -9 -18 1 5
26 65 24 6 7 18 -1 7
-44 -57 -30 -12 -9 -8 -4 -13
-2 -56 -30 -12 -17 -20 -15 6
-22 -22 -43 -13 2 7 -6 -8
8 27 21 12 15 40 -3 1
8 34 24 9 11 3 40 15
3 8 -1 -4 -17 -13 -13 8
-23 -29 1 -1 -10 -38 1 -26
-11 4 -11 -6 -2 -2 -4 -1
8 11 4 -4 -3 9 -16 10
-15 16 -3 -8 -6 -20 13 -3
19 13 26 23 22 22 11 6
-3 -12 0 -4 -13 -28 -5 -2
0 -15 -14 -3 2 11 -11 -9
1 23 -4 -2 11 24 0 -11
