5 -6 -5 3 -5 -11 -16 -2
16 28 7 1 6 10 8 0
-4 -63 -10 2 -3 -6 12 -9
-5 29 -10 0 -4 -8 -13 -18
6 22 -3 -11 -7 0 -6 18
3 -8 3 6 2 -7 29 3
-6 -4 3 -6 0 -10 6 -1
-10 -30 1 6 2 0 10 11
-7 0 1 -5 2 7 -10 -20
-24 -8 -11 -7 -3 5 9 -6
31 27 9 -5 2 6 -2 26
2 -6 3 1 3 -4 -2 -16
-12 -18 -14 -1 0 0 6 18
-14 -7 3 1 -1 3 -7 -44
11 15 -1 2 -1 1 -3 1
1 31 9 -12 -4 1 -3 5
-11 -39 -16 -4 -3 0 4 6
-27 -51 5 5 0 -7 17 12
42 67 3 7 -2 -1 -27 2
-14 -26 -17 2 -8 -14 -14 11
-33 -7 -3 0 -7 -4 3 -11
14 0 -4 -8 -2 -3 1 8
-9 9 11 4 5 29 25 4
0 -24 0 -5 -3 -10 -2 -12
5 3 1 -6 -3 -10 7 34
6 -42 -12 1 -4 6 -10 -33
12 14 1 4 -2 -4 -4 10
-34 -33 3 4 -2 -6 -23 -14
10 7 -11 -10 -2 -1 5 7
1 -21 -6 2 1 -12 -4 7
-15 -16 -4 -4 -9 -8 5 -18
0 -5 -3 1 1 5 3 7
-22 0 10 4 2 -1 -15 -19
-6 7 2 -2 -3 2 4 3
-12 -41 -20 1 3 17 23 17
28 44 15 5 0 -39 -7 11
-7 -47 -1 -5 -5 12 5 -5
36 38 11 -6 0 -7 -3 10
2 1 5 6 4 3 11 4
-27 -22 -9 -1 -5 2 -14 -35
-18 -2 -4 0 2 -2 -22 -5
-16 -6 -2 -9 -1 3 35 11
31 2 -18 -1 -6 -9 -26 -22
4 8 -5 0 -2 -2 -3 1
-9 -1 -3 2 1 -1 8 -9
-13 -8 7 2 1 13 0 16
-6 34 7 -5 1 0 -9 -35
0 -12 -7 -2 -2 -19 5 5
24 16 -5 5 1 9 -3 -7
-23 -28 -12 -3 -6 5 17 22
17 35 10 -7 8 -8 -23 22
14 22 32 9 5 3 13 25
-25 -21 -23 2 1 -3 0 -52
-15 -14 5 1 2 -4 5 -1
-32 -7 -15 -7 -2 3 -5 -22
4 -14 -16 -7 -6 -9 -28 -21
11 -2 15 -5 0 -5 27 41
-13 15 8 10 6 3 -14 -4
-14 -20 1 -4 -1 -3 19 19
12 4 -5 -12 2 18 -2 -15
-4 -23 -17 14 -4 0 1 10
6 21 4 2 -13 -33 -34 -21
25 23 13 1 0 -6 -14 2
-10 -11 -9 -6 -7 21 19 -4
8 -1 -4 -6 8 4 10 6
10 29 11 -11 3 3 4 25
-19 -22 -3 5 -4 -2 13 -30
5 -10 3 11 1 -15 -18 -4
-4 8 9 -8 -9 3 13 22
-29 8 -22 -6 -5 -10 -35 -62
34 -4 2 -2 -1 5 3 46
-51 -46 -10 -14 -7 9 24 8
13 2 -6 1 2 4 -22 -8
3 -28 -4 -1 -4 4 27 13
53 55 10 6 -4 -5 -4 1
13 25 8 6 4 9 -2 -8
-24 0 -2 -2 -7 -18 -27 -19
45 2 -3 -10 -5 -2 7 17
-39 -15 5 0 -3 -4 -12 -12
58 20 2 8 4 4 16 44
3 -2 -11 -6 -5 -2 3 -24
-18 4 5 5 2 0 0 -22
-28 -28 -8 -1 -1 -4 -34 -2
15 47 -4 -2 -1 2 -8 4
-8 -17 4 -2 -4 -22 -9 -17
-9 -5 -11 -5 0 6 -5 21
22 -1 5 -3 -4 15 18 39
-10 27 7 12 1 -4 2 -14
-19 -11 -14 -4 -7 -19 -18 -7
-3 -1 7 9 3 -15 -9 -15
-14 -19 -4 0 3 -4 3 -19
-25 10 -9 -3 -4 -4 -11 -4
-1 14 -3 -3 -3 4 3 -5
36 -14 -7 8 3 10 1 19
-28 22 7 -6 3 -4 1 -9
-24 -36 -11 -2 4 15 -1 -38
32 33 18 -3 -1 -12 -5 0
-42 -10 -5 -7 -11 -25 -20 -9
32 37 19 10 3 8 22 20
-37 -49 -18 -9 -10 -12 -5 -1
61 46 -1 -4 -2 12 14 24
5 15 -7 0 0 25 20 23
-16 -5 1 13 0 -32 -51 -35
6 -14 4 -5 -2 -5 15 30
-27 -29 -12 0 1 9 -9 -8
9 -4 -2 3 3 -2 -3 0
-14 -2 -5 -7 -7 1 3 -30
11 3 -4 -12 -5 3 -2 -6
-24 -54 0 5 2 1 2 12
36 35 15 -2 2 10 12 -2
-94 -75 -30 -3 -1 12 -1 -14
36 47 12 -1 0 -15 -13 0
20 33 3 6 -2 5 15 12
-2 -21 -5 0 -1 -5 -2 -11
7 -2 6 -3 2 7 12 15
-19 -6 3 -6 -5 -11 -16 3
7 17 36 -1 4 16 1 -12
-31 -51 -33 0 -1 -14 3 22
4 14 -11 -6 -7 -14 -10 -28
21 -11 0 5 -2 0 -18 -13
-22 9 -2 3 3 -4 -10 -9
-14 -11 4 -2 0 4 -15 -2
55 13 0 -3 -1 11 29 13
3 -34 -2 9 9 5 16 8
12 3 -2 -1 -2 -14 -11 7
-1 23 7 6 1 15 -1 -2
-25 -24 -11 -10 -6 3 3 -8
15 5 5 0 1 -2 0 0
-3 4 3 2 1 5 2 17
-7 9 14 3 8 0 11 -4
-14 15 -23 -9 -10 -2 -20 -48
-10 -43 -13 -4 0 14 21 4
-5 -3 8 1 -2 -9 -5 1
12 29 8 4 -2 -8 -18 -42
13 -15 6 3 3 2 -2 30
12 30 1 -5 -3 -7 4 6
-12 17 -8 -7 -9 -32 -26 -26
-10 -26 -3 -7 -2 31 35 18
28 -22 -4 2 -7 -18 -11 9
-4 44 7 -4 4 5 -3 -1
15 -31 -5 0 0 15 28 30
4 -14 2 3 -9 -20 -12 -7
-12 -4 16 9 10 -2 3 0
-14 -32 -22 -21 -12 -7 -1 -49
35 14 -6 8 0 -8 -1 54
-8 7 -1 -5 -3 9 9 -12
11 4 10 5 5 -2 17 25
10 -7 2 6 -1 -4 -10 6
-4 23 1 -5 0 7 -3 -51
21 23 15 3 1 -6 -21 17
-28 -48 -30 -7 -1 26 35 -7
-19 6 4 0 -3 -8 -6 7
-26 1 -10 0 2 14 3 -5
38 25 1 -1 0 -7 -7 -2
7 21 16 -2 -1 -8 -20 -2
-23 -20 1 -5 3 5 3 16
24 -8 0 1 -1 10 12 18
-28 23 4 6 -2 -4 -2 1
14 -13 -20 -4 1 10 -1 0
24 2 -2 2 1 7 0 13
-8 -15 3 -7 -7 -5 -8 -46
-16 4 -17 -4 1 6 10 -12
-12 -13 3 -5 -1 -17 -13 -17
7 17 7 1 -3 -6 -7 20
-4 -6 -14 -8 4 24 19 21
0 0 -2 -1 -2 -11 -12 -19
-17 -31 5 -5 2 3 3 -3
10 49 14 16 1 13 4 -17
-26 -39 -18 0 0 -16 -8 -10
-1 -19 -7 -7 -4 -11 -13 -6
26 34 -8 -6 -7 13 10 18
-25 -23 7 13 3 -8 -3 -12
-3 -4 -13 -12 -3 13 4 68
21 38 -11 -2 -5 -5 0 -66
-5 16 13 4 -4 -16 -42 -1
25 19 8 -3 -2 6 20 17
-10 -40 5 4 1 -3 -8 -7
-56 -70 -13 -3 -3 -7 4 0
-6 -9 -2 -11 -4 -16 -21 14
1 16 -17 -6 -3 5 1 -1
-4 17 26 6 -1 -18 -2 -38
6 -10 0 -2 -2 5 -19 -5
-3 -2 2 5 -3 -4 9 -12
-32 -35 5 -3 7 4 6 5
-20 -3 -7 -6 -2 2 -5 -12
30 10 4 0 5 -4 -4 -1
10 45 29 12 2 -13 6 -2
-24 -38 -38 -10 -3 13 29 17
16 25 17 9 -2 -5 6 12
-20 5 -13 -10 -3 -15 -26 10
26 8 -4 7 2 10 4 13
-35 -20 6 2 -7 -6 -15 -28
38 66 9 -1 1 -1 1 6
17 -10 -5 -7 -9 -5 -14 -1
-31 -30 -20 -5 -4 -3 26 12
23 13 5 10 3 -10 -25 10
-17 6 -12 -4 -4 -7 -15 -8
39 2 2 -10 -1 18 14 30
-10 -5 4 9 4 8 33 -15
-9 -41 -21 -2 -9 -9 -17 -43
-2 10 20 9 1 -10 -2 -1
10 22 3 6 5 2 -1 27
-11 -40 -23 -22 -9 -15 -30 -17
9 19 1 -5 2 8 53 30
21 -6 0 5 -2 -5 -7 25
-36 12 19 12 5 -13 0 -53
41 3 -9 -3 1 3 -6 21
17 3 4 1 -1 -1 -8 -13
-32 -50 -14 -12 -8 2 -3 14
23 54 11 -2 3 16 30 20
-16 26 12 6 -1 -2 10 -2
-21 -27 -19 -9 0 24 -30 -1
22 13 2 3 -2 10 30 9
-19 -53 -10 -5 -10 -14 -33 -28
-12 23 5 1 3 7 9 4
-2 13 -4 4 -1 -9 -3 -1
-7 -11 3 -1 0 5 -2 -3
-15 -19 -7 -7 -3 -10 -1 6
-19 -9 0 -6 -7 -6 -10 -5
28 -5 -8 -4 -3 -12 1 7
-7 9 4 7 3 3 -11 -21
-5 -12 -10 -2 5 7 42 30
-9 -1 -3 -2 -1 -11 -21 -22
5 12 21 -2 -1 -15 -28 -14
-43 1 -14 -3 -1 -11 -14 -32
23 -19 -19 1 -2 6 33 15
-16 -45 -3 -8 -1 4 -24 20
59 20 15 -1 1 5 30 38
1 -7 2 5 3 7 -13 -19
-27 -15 12 12 2 -8 -14 -13
-17 -24 -11 -2 -1 0 17 25
13 12 -1 -5 -5 -6 -22 -61
0 -8 8 9 8 1 7 -13
2 32 2 -4 -1 1 -10 8
23 15 11 5 5 9 6 9
-36 -23 -11 -9 -6 -6 0 3
8 -10 -7 -10 -9 -9 5 26
20 24 1 1 -6 0 -20 -13
22 17 -5 0 6 16 4 -21
-18 2 -9 -3 -1 2 -2 17
-2 -50 -15 -10 -12 -20 -19 -1
-7 13 9 -7 2 19 -6 -12
0 0 -2 9 -2 -10 29 13
-4 30 20 9 -1 -10 -4 6
-10 -28 -13 -10 -5 8 4 9
2 15 -1 9 3 -1 -6 -7
-2 -10 -23 -18 -8 -1 -9 -16
-19 3 5 -4 6 8 15 -14
-2 -6 -7 -2 2 1 6 1
5 -21 5 -4 1 8 0 21
-3 3 19 9 -4 -18 -20 -20
-4 -4 -24 2 0 1 11 11
53 46 8 -1 2 -2 -6 7
-11 -59 -16 -2 -4 -7 1 -21
-3 13 2 -5 -2 -13 -7 3
-18 -8 16 6 2 -4 -9 -4
4 16 14 -1 1 11 16 -12
-14 15 3 4 -3 -30 -35 2
-11 -22 -28 -11 -4 14 4 -29
25 -12 24 7 6 14 21 8
-11 11 2 -1 -6 -5 -7 -2
11 7 11 -1 0 2 25 18
9 20 3 -2 4 15 14 14
-37 -38 -12 -6 -1 1 -9 -15
37 78 11 3 0 -26 -24 -29
16 -23 -15 -7 -8 20 2 -30
3 -8 3 6 0 -19 11 33
-16 -1 -17 -4 -3 -2 11 -12
22 48 18 3 1 -2 -4 10
-37 -12 -23 -11 -6 -7 -11 -11
22 2 12 -2 -3 -6 -19 -11
-36 -27 -9 -1 -4 -11 -16 10
-9 9 3 -4 2 17 16 -19
12 -5 11 2 -1 0 11 25
-12 0 2 0 -6 1 -10 -11
7 39 -10 -5 2 4 19 25
-9 -20 4 3 4 7 -2 -27
-5 -25 -31 -8 -2 -3 -20 9
32 37 21 3 -1 -25 11 4
11 47 11 1 6 30 -12 -13
-28 -7 -18 -1 -3 -9 13 45
22 -18 2 4 1 5 5 -3
-18 -5 -17 -8 -2 4 1 -8
17 9 11 -6 -6 -19 -32 -10
9 -7 -2 1 2 5 14 9
-9 26 18 9 0 -2 3 9
8 0 -9 -5 0 7 6 12
-4 7 -7 -4 1 8 -1 -3
-14 -52 0 6 2 9 11 -1
7 35 13 -4 -2 -11 -14 -21
3 -10 -3 -1 -2 6 -2 29
26 52 13 -2 -2 -25 -33 -23
-64 -95 -28 -10 -2 39 38 -12
30 19 2 7 7 12 62 45
-17 -6 2 6 3 -5 -25 4
-1 -9 5 3 -1 -5 -6 -13
-14 -2 0 -7 -5 -13 -24 7
-24 -40 -4 -2 -2 -5 13 12
-5 29 2 0 -3 1 -4 -40
8 -11 -10 -3 -4 -14 -2 2
-3 -10 -11 -7 -8 -15 -35 -21
-9 -5 7 1 5 17 13 5
-3 7 24 4 -1 -9 -10 7
-14 -31 -20 -11 -9 -10 -6 -4
-1 13 -13 -7 -1 -11 -27 -3
2 -11 -1 1 3 3 9 4
-20 -3 0 5 -1 8 6 9
24 1 -6 -2 0 7 15 13
-8 -12 6 1 -1 -14 -8 23
-29 -11 -6 -7 -6 -8 6 -36
8 7 3 5 9 9 -23 -9
-4 -23 6 3 -4 -4 6 7
25 25 0 -2 1 5 -9 -5
-13 46 17 0 3 8 0 5
4 -23 -9 8 -6 -11 6 11
-30 -27 -22 -17 -9 -4 -5 -35
20 22 -17 -2 7 13 18 23
-27 -1 26 3 -4 -9 -28 -10
30 6 -11 -5 -6 -20 -10 3
-3 0 16 1 -1 5 6 22
13 13 -13 2 -9 -1 -4 -34
18 -2 -8 0 5 -22 -18 15
-2 17 0 -11 -5 7 11 5
-2 -22 0 2 1 -7 7 6
-23 -16 1 -1 -7 -16 -7 -16
11 28 -7 -6 -6 -1 -11 3
21 14 -9 -7 -6 -5 -2 -11
12 3 12 3 3 0 6 14
-26 -8 -10 7 7 25 50 6
73 18 12 -1 1 -4 -60 -5
-43 -63 -24 -6 3 -10 12 17
13 -11 -17 -4 0 7 9 7
1 13 21 2 -3 -6 -3 3
-17 -21 -12 -4 -2 -8 6 -4
-2 -11 4 -7 -2 14 -5 -18
13 21 3 5 0 -1 -4 6
-6 -46 -5 2 -1 1 -1 -6
-13 -7 -20 -5 -5 0 28 13
-4 9 25 3 -1 0 -38 -18
-5 -21 -2 -2 0 3 17 -3
7 51 13 6 5 7 12 26
-7 -5 -3 2 2 9 -15 -24
10 16 -8 4 6 6 22 -3
16 -43 -9 -2 -5 0 -10 1
19 0 17 6 3 -6 0 13
1 -4 -40 -15 -8 -17 -4 -5
-26 3 17 10 4 7 0 -15
-10 -24 0 -7 -4 -2 5 18
-35 17 12 4 1 -2 -5 -8
16 -50 0 6 2 7 4 -1
19 23 0 -1 -2 0 -7 -1
-31 18 -5 -5 -5 -35 -19 -20
-9 -3 8 0 3 33 7 11
-8 1 -2 3 -1 -3 8 6
-19 -5 -6 -6 -1 1 5 -39
-20 -23 14 11 8 29 19 0
51 21 -20 -15 -11 -34 -27 22
16 18 3 5 7 26 6 8
-42 -39 -6 0 -5 -2 22 30
-6 24 -27 -5 -9 -6 5 1
13 -22 21 1 6 -4 -26 -20
8 19 -1 -12 -2 0 16 -2
-19 -9 4 3 1 4 3 9
42 73 22 3 -2 -9 -15 7
8 -77 -23 -9 -11 -13 20 -7
-11 -10 6 0 -6 -25 -43 11
17 12 -9 -6 -1 8 0 -21
-26 -25 -5 7 -2 -3 -12 10
20 56 31 10 5 9 3 -30
-50 -19 -25 -18 -17 -17 -12 -27
19 0 -11 -10 -6 -4 -9 -21
6 1 -11 1 4 0 14 12
-4 3 -7 -2 0 8 -6 -8
7 -2 24 9 5 6 7 14
-4 -28 -17 -12 -8 6 5 13
0 40 2 -6 -5 -15 -25 -30
-26 -15 -7 2 -6 -9 -10 -17
39 16 8 -2 -3 6 9 -2
7 11 12 6 5 5 18 46
-10 -13 8 -1 -6 -4 4 -38
-33 -37 -24 -4 2 -1 -23 21
-27 -6 -1 5 -2 0 -9 -59
4 -17 -10 -6 0 -11 -3 9
-9 -19 -6 -6 -4 3 5 11
5 14 -1 -1 -4 -12 -11 -13
-14 -18 -4 -3 -10 -22 -33 -24
18 6 -30 0 3 19 47 46
-13 -11 21 -1 6 21 -12 -29
-8 -10 5 5 -2 -11 14 -14
-2 21 -3 0 2 3 3 10
-17 -15 1 -4 -6 -13 -25 -24
9 -2 0 3 2 14 8 16
18 11 -19 -12 -5 -8 2 -4
-6 16 22 14 6 14 4 16
-5 -38 -11 -4 0 1 18 20
1 -1 -12 6 1 -6 -31 -24
-66 -26 -5 -8 -7 -10 -20 -23
9 -11 -9 3 -1 2 21 18
-22 -8 19 8 4 -3 -20 -35
31 12 1 -4 -3 -1 8 19
-21 -14 -5 -3 -6 -7 9 8
-8 9 -11 -5 1 -5 5 5
3 7 6 -4 -8 1 -26 -17
24 2 -14 -4 -1 -9 37 31
8 27 10 3 3 16 0 -1
-11 -35 -7 -2 2 0 16 20
6 1 8 -9 -3 -23 -33 -24
-22 -23 -3 4 -1 7 2 -25
32 19 0 0 2 -5 -1 7
5 25 17 4 -1 -7 0 10
-4 8 -3 3 2 6 2 0
2 27 15 6 0 -10 -3 17
-5 13 -21 -17 -6 -6 -4 -27
19 25 -5 -6 -3 8 -17 -17
-1 2 22 12 5 3 34 18
-12 6 4 -4 -3 -7 -45 13
21 26 5 5 -6 15 -2 -11
-18 -21 -23 -8 0 10 31 -18
6 31 -5 1 -1 -11 -17 -6
-7 -13 2 0 5 20 21 23
-7 -6 6 3 1 -6 -12 9
-7 -13 8 2 -3 -25 -22 -15
14 -13 -5 -10 -2 12 19 7
-28 -9 11 3 2 -3 1 -9
17 -4 -10 -3 -1 -6 -9 13
0 2 -4 -8 0 13 11 -8
-19 -23 0 -5 -7 -12 -3 7
14 10 -3 -1 -3 -22 -7 -25
-20 -33 -17 -6 0 14 -17 -41
-1 -36 0 6 3 13 16 46
33 91 20 6 -3 -5 -9 5
-28 -37 -21 2 0 9 -8 -51
60 61 14 -3 3 -17 11 35
-35 -5 4 4 -8 -4 -26 -13
7 -12 -14 -7 -4 -5 -19 -5
15 7 7 6 2 -2 14 14
4 23 16 0 -4 9 19 8
-18 -2 -13 -8 0 -10 -17 0
16 39 0 -2 0 -3 2 -1
13 -11 -10 -3 -4 -4 -6 -17
-18 -42 -5 6 0 1 2 3
23 14 13 1 -3 -4 13 12
-9 -25 -6 -7 -2 -10 -6 8
-47 -35 -7 -6 4 27 -4 -45
18 -17 10 2 1 -9 1 21
43 62 -1 1 5 1 4 13
9 -6 -9 5 3 -6 0 -27
-41 -21 1 -9 -8 -16 -32 11
9 -6 -3 -2 -1 13 27 17
-17 -39 -12 -8 -7 -17 -17 -23
-24 -52 -10 2 -2 -2 -4 -1
12 12 -6 -10 -4 3 2 24
-48 -23 3 -3 3 14 25 -6
15 10 -15 7 0 -18 15 43
-19 -14 -14 2 -5 7 -46 -59
0 11 18 -4 -2 -19 -8 15
-14 -15 -14 -4 -1 2 -4 -26
-2 4 11 -3 -4 -11 2 -4
0 0 3 -1 4 4 18 25
22 30 14 11 1 -8 21 30
7 22 -17 -10 -6 -29 -47 -51
-3 5 4 7 12 54 -9 -2
14 2 17 7 7 0 27 12
-6 -4 -6 -10 -2 -4 -1 -12
9 22 11 9 -4 -5 37 30
-16 -46 -34 -6 -8 -10 -49 -29
-9 -3 -8 -14 -10 -13 -21 -12
26 8 -1 -2 8 44 24 14
-20 -15 -3 -3 -4 -18 -14 9
-5 -14 -9 -9 -3 -1 9 -11
-12 42 18 -3 0 12 10 4
13 7 3 13 2 -20 -2 9
22 -1 -3 -2 -2 9 1 7
-7 20 14 6 4 4 7 -43
5 -18 -14 -10 3 5 15 26
9 27 5 -4 -3 1 -2 -5
-13 -34 -24 -6 -3 -2 0 51
-5 7 12 -4 -7 -22 -23 -40
-5 -49 -23 -7 0 -1 -4 -20
-11 10 6 -7 -3 5 15 22
60 25 4 11 2 6 -12 9
16 2 4 -6 -9 -18 10 26
-34 8 7 2 -4 -14 -13 -13
80 35 4 12 3 14 5 4
-43 -9 12 4 -3 -12 -21 -21
-6 -8 -2 5 3 16 38 14
27 35 7 0 -1 -10 -48 -36
-23 -45 -12 -3 -2 -12 -5 0
-11 18 1 -6 -3 1 11 5
-11 -34 -14 -1 -8 5 -22 -19
-1 36 13 13 6 0 15 33
-27 -41 -16 0 -2 -2 -7 -26
16 -6 -3 3 -1 -6 -10 8
-14 -23 9 -12 -4 -3 -4 21
33 16 -2 -4 -2 5 12 -9
-3 -30 -10 -6 3 -2 8 18
-28 -19 0 9 1 -8 1 -27
31 41 10 -1 0 13 28 32
-13 -2 6 6 -2 3 17 29
0 15 6 -10 -3 -7 -24 -44
4 -29 -2 -1 4 11 11 14
-24 7 -11 -3 -5 -4 17 -10
-5 2 4 6 -1 -7 -49 23
-12 -34 -15 -3 -5 10 27 6
-17 9 -8 -6 4 28 3 -20
-11 8 21 -2 -3 -5 2 -3
5 -1 3 0 -4 -8 17 -21
-12 21 4 -3 1 2 -22 5
7 4 -16 0 0 -7 -3 7
3 -18 -10 -4 1 8 -10 -11
-22 -11 4 4 7 17 19 -1
-9 -1 -4 4 -7 2 -3 -4
-2 28 11 -6 2 -13 -5 0
-9 2 -2 -3 -1 2 -10 -11
-15 -35 -18 -6 -1 -5 -4 -3
-23 20 -3 -7 -16 -48 -28 12
16 -1 -4 -7 6 51 23 -18
25 -14 21 13 0 -12 5 12
10 0 -3 1 3 11 25 0
10 -6 -16 -17 -7 -22 -31 -3
21 12 -5 -8 -14 -19 -3 3
-8 6 -2 4 5 -9 -18 -13
4 -20 -5 -3 2 9 12 14
-24 20 13 7 -3 -12 -5 -6
-16 -12 0 -8 7 25 33 10
27 19 -13 1 0 5 4 10
-7 7 17 -4 -12 -51 -37 -48
-27 -43 -17 20 10 34 8 7
-6 -1 7 -3 -4 -26 -26 7
-52 -47 -14 0 -3 27 -1 -45
42 14 -5 -2 -8 -19 -19 0
21 48 10 3 6 15 23 19
-54 -83 -25 18 -8 -31 -23 -10
-25 16 -26 -37 -9 -15 -7 -13
3 -65 -29 -10 -3 38 24 54
56 -17 5 17 7 -2 6 2
-1 6 14 12 3 15 36 2
9 41 21 16 7 -17 -17 4
-81 -27 7 -14 -9 -28 -39 -70
-31 -14 -15 -20 -17 -80 -39 -34
42 51 32 -7 32 29 -3 40
32 -18 -9 17 -3 57 86 35
75 28 5 7 2 7 -9 29
-73 -3 -4 -20 -4 -5 53 16
-19 -3 -26 -12 -13 26 -43 -19
-23 -22 -30 -7 -17 7 8 -23
-38 22 40 9 12 -4 38 36
18 7 47 20 17 33 13 12
-10 -70 -9 10 -10 -36 -41 -41
92 111 12 2 15 5 -11 31
-80 -47 -39 -19 -35 -77 -87 -105
45 -3 -39 -25 -8 49 46 16
0 8 3 -3 -5 3 -11 6
-19 -63 3 12 8 -20 30 17
48 40 12 -7 -14 3 -31 6
-47 -16 -6 -5 -7 -49 -27 -14
1 -3 -9 16 -12 16 10 -33
20 -13 5 -29 -9 3 5 -36
60 35 4 5 10 28 -9 46
-67 -103 -21 0 -7 -9 -51 -48
7 15 17 6 16 26 67 63
-10 -43 -11 -12 -3 -14 35 21
-104 7 -16 12 2 27 -1 -29
57 60 14 -10 7 56 44 6
-1 -28 -11 -3 -12 -41 -28 -22
-15 8 -5 -3 -1 -11 -50 1
20 63 -8 -37 4 2 16 2
12 4 4 43 1 -16 -7 29
62 22 34 30 2 -2 -43 0
-88 -55 -13 -7 1 -8 20 13
9 51 -3 31 -2 39 28 52
24 -16 -1 0 0 -37 -34 -42
-44 -30 -27 -22 -1 -17 -7 -49
23 -32 -4 14 5 13 7 23
-14 -40 -24 -15 -7 -57 -45 -72
25 68 31 12 19 45 67 74
-8 -8 1 -4 16 45 92 41
86 47 3 0 -17 -51 -62 -31
6 -38 10 -28 9 60 26 -34
-20 -13 11 32 -9 -14 -58 -28
-26 -32 2 -18 2 9 18 38
-10 9 1 -3 -9 -26 -30 -3
64 9 6 3 1 -20 -1 20
2 -8 -17 -24 -4 -10 -8 -38
-13 23 12 -5 0 9 30 25
-80 10 9 1 -2 -86 -110 -83
47 -34 -18 -2 4 94 122 92
-44 13 -12 -1 -13 -40 -54 -24
15 36 8 7 -8 -19 -2 -1
-60 -46 -18 -17 0 2 -17 -6
-68 8 -6 14 0 -24 -35 -16
67 18 1 -6 8 61 79 51
-19 -18 -8 3 -7 -18 -32 -35
51 31 9 -4 2 32 16 26
-40 -45 7 18 2 -24 -8 6
32 41 -11 -9 -11 0 -11 -2
4 39 17 11 -1 -22 -39 -38
38 18 10 -20 0 -13 -15 -10
12 -52 -43 -2 -15 30 22 32
31 8 20 15 6 1 23 17
-8 15 -12 -17 -5 -39 -41 -45
-7 60 8 1 -5 21 10 6
12 22 42 -11 5 27 -17 4
-32 -40 -40 -11 -12 -26 -17 -26
4 -22 -24 -5 5 52 32 38
-14 -23 8 6 1 -15 1 -9
11 6 13 4 3 -50 -27 -46
1 -3 10 -10 5 9 -2 11
21 9 5 -5 -2 2 14 26
20 27 18 12 22 62 69 33
-9 -14 -20 5 -1 -28 -1 -17
16 -24 -17 -4 2 24 -16 -15
68 33 -6 -11 -6 -37 -3 0
11 -26 11 3 -2 25 26 35
30 -3 15 7 -6 -5 1 10
-68 -5 -8 16 3 -30 -51 -62
-6 -24 -15 -11 -3 -38 -60 8
27 13 12 1 14 38 94 51
-22 4 11 6 2 -12 2 -8
42 -17 -10 -13 -10 -2 12 22
-43 11 19 -8 -2 -46 -62 -72
16 -8 -4 10 6 22 7 46
-4 -34 -8 -17 0 -4 14 41
15 64 17 4 6 -5 -19 -31
-24 -43 -26 7 -7 14 32 -6
-14 -3 11 3 -6 -31 -71 -31
-30 -46 -40 -34 -4 10 -10 -14
36 30 41 36 6 34 53 32
-3 48 20 -12 1 14 3 2
-6 -14 -6 10 1 -5 -28 -19
16 20 8 8 1 -19 -4 0
-10 -13 -13 -30 -1 -6 6 21
45 67 23 15 5 1 27 13
-33 -76 -41 -15 -15 -16 -39 -27
-41 -10 -12 2 1 28 42 34
-17 5 5 -17 -7 2 -18 -23
-24 -39 -1 17 -7 -16 -3 36
11 10 -2 7 3 8 40 17
36 40 9 -3 3 -13 -22 -30
-43 -42 -3 -4 -7 13 8 8
-54 -46 -18 -9 -6 3 -19 -48
-22 -8 5 14 1 -19 -33 -20
-18 15 -4 1 -2 2 10 -21
-12 -9 -1 0 8 -3 8 11
-23 0 -5 -6 -5 -5 -21 -7
-6 14 18 -5 4 33 43 7
49 -25 -14 12 5 -5 2 9
-21 41 13 -5 -8 -22 -17 -45
47 -20 -5 13 -3 -20 -41 9
-31 48 -6 -12 -13 -21 -1 -3
14 -26 7 -2 -4 -6 -20 -13
-35 -24 -8 -2 4 31 33 13
-7 -72 -39 1 -7 8 31 28
12 39 16 -5 -1 -20 -48 -50
-27 18 -16 -6 3 6 -9 -43
59 36 -8 -15 -9 -22 3 11
25 24 10 -4 3 2 20 3
3 -18 -1 5 -7 -13 -11 5
-5 10 5 4 -3 -15 -4 2
-26 -10 2 -6 0 -6 -26 -13
10 17 -30 -18 -9 -17 -1 -22
32 20 14 -7 -2 7 12 24
15 70 44 30 12 10 -6 -7
-39 -65 -22 -7 -8 -25 0 5
10 18 20 -3 0 -3 -1 6
-33 -53 -41 -11 -5 -8 -14 -10
9 33 16 -20 -10 -16 -6 12
26 -1 17 24 11 22 26 16
-12 21 19 -9 2 13 3 1
-9 -8 -4 4 6 13 18 -30
-28 1 -9 -7 -8 -17 -18 11
15 -19 -5 -3 -3 -13 -11 6
-19 -38 -26 -15 -8 -5 -6 -2
-6 17 2 -3 -7 -5 -9 -19
22 3 4 13 1 -8 4 23
-37 13 -11 -26 -7 -28 -9 4
-2 -29 9 9 9 39 23 6
-2 9 6 5 0 2 -33 -9
4 -13 -10 8 4 23 34 1
34 18 -5 -7 -6 -36 -20 -5
-16 -9 -6 -5 7 52 30 21
-7 -8 2 -4 -1 -14 27 14
-12 -10 2 -6 -4 -1 -11 -20
-8 -15 -19 2 4 -15 -19 13
33 6 0 11 0 15 15 -8
-6 -13 -13 3 -1 -2 -19 -8
11 19 18 10 2 1 -7 22
-69 -73 5 6 8 15 12 -13
1 15 -3 -6 0 -7 -1 -4
-31 0 1 8 0 4 2 -3
54 22 7 -3 2 1 18 34
-2 4 -5 5 -2 12 -2 -4
-18 11 5 0 -1 6 -2 -19
-16 -31 -19 -15 -9 -34 1 32
-22 1 -18 -7 -2 38 -38 -88
23 2 7 20 7 17 16 -2
-6 -23 -9 -4 -13 -21 -35 -29
26 14 -10 -18 2 7 23 33
-19 -27 -7 6 -5 -18 -9 -11
46 52 2 -17 -8 2 -30 9
-29 19 16 1 -5 -42 -22 -45
4 30 13 16 11 23 -12 -4
-19 -95 -45 -5 -14 -4 25 -23
-4 -31 1 8 1 6 13 16
3 4 2 -3 -6 -9 0 15
15 49 11 -15 -10 -6 -8 -7
11 34 29 -12 4 -5 9 32
14 8 0 10 3 7 8 -10
36 28 7 6 8 -4 -2 12
5 -23 3 3 1 -8 -6 -20
-16 -19 -41 -9 -7 -12 -31 -6
3 5 6 -10 -6 3 16 -10
0 0 6 -3 -2 15 11 5
7 1 -8 2 0 -7 -2 14
1 14 8 -5 -4 -5 30 55
-12 -33 -21 -8 -7 -10 -8 -27
7 14 -5 -2 0 18 29 3
-5 -26 25 2 -1 6 -8 -20
8 0 -22 3 -3 -17 -2 7
4 16 -3 -5 -1 6 -3 16
-13 -15 -8 -4 1 2 18 -4
5 -22 -2 -2 -5 -16 -13 -12
-9 11 4 0 1 -5 -9 0
-2 12 10 -7 1 8 4 0
-23 -1 4 11 -2 -3 -12 -6
59 -5 0 2 5 9 11 12
-19 -6 10 4 7 6 8 -1
3 -22 -16 -7 -10 -6 -3 0
-3 29 11 -9 0 -1 0 -4
-29 -2 -13 5 -7 -5 -7 -5
17 -50 2 -9 3 27 31 31
-1 33 -23 -2 -13 -18 -26 -43
-2 -4 4 10 5 18 19 55
-19 5 2 9 -3 -25 -25 -58
-1 -16 10 -9 3 5 7 -3
-11 20 24 -6 1 13 -13 -1
-8 -21 -32 -15 -5 10 17 18
22 -9 -4 10 0 4 36 23
-23 -2 5 2 0 -21 -21 -20
27 14 19 0 1 -10 -14 9
-26 -30 9 5 5 10 2 -18
15 -17 -11 -24 -5 -9 18 42
14 33 -10 15 -1 -3 -15 -44
14 -2 23 9 5 4 7 13
-25 -28 -48 -21 -16 -52 -49 -29
-4 24 14 -3 8 36 30 28
-27 2 5 2 -8 -17 -16 -4
0 14 -7 -1 5 3 8 -15
5 26 27 9 7 -12 -17 17
9 20 -6 -9 -5 24 -16 16
9 20 5 -5 -2 -5 30 -32
-45 -56 -18 -5 -2 9 20 -7
18 40 19 -5 2 4 -21 3
-2 -1 -32 -4 -9 -7 -22 -16
20 -3 11 1 0 1 15 28
-37 -12 24 13 13 2 3 22
12 9 8 0 -4 4 4 -49
-31 1 -7 -5 -5 -13 -25 -15
-12 -21 -14 -6 0 16 12 12
19 20 -3 7 1 -25 -13 -1
-1 3 10 11 7 39 29 3
-14 -23 -3 1 -2 -3 10 7
-14 -33 5 -4 0 0 -23 -27
13 1 -17 -2 -8 2 -3 2
-3 -18 -8 -2 -7 -22 -23 3
-4 -18 -9 -9 -2 1 10 -12
-11 16 10 2 9 39 10 7
12 -32 -8 -7 -8 -12 5 16
41 -5 4 11 2 -13 12 33
8 -15 -19 -14 -12 -9 -42 -47
10 35 8 9 3 15 39 26
-13 -18 -8 -5 -4 5 -11 -23
-23 7 -5 1 3 3 24 5
-11 9 9 3 6 -1 -18 4
-7 17 2 -9 -2 -21 -14 12
-15 -44 -26 -2 -4 13 -3 -21
1 17 22 -5 -5 -27 -18 -12
-2 11 2 15 9 29 44 1
4 -2 -11 -13 -5 -25 -51 3
2 24 4 14 5 -4 9 19
-16 -74 -29 -14 -5 3 -14 12
24 77 26 9 0 15 13 -27
3 -27 -2 7 4 1 6 25
-9 2 -7 -9 -8 -8 -40 -16
28 -19 0 -7 -6 -3 34 10
-4 -23 -3 3 6 -10 -32 -6
1 2 -10 0 -2 -3 -5 -18
-11 3 4 -6 -4 -8 5 2
16 38 13 -1 0 2 -14 -19
-25 -3 -2 4 3 10 22 10
34 -17 -21 -7 -3 -18 -15 18
4 3 6 -5 -3 -9 22 -17
-2 0 -3 -1 -2 -2 -41 9
7 10 -7 -7 -4 -18 2 10
-5 7 8 5 -1 4 -12 -23
16 14 6 0 6 10 15 27
-13 13 6 14 8 23 43 19
-25 -44 -8 -3 -5 -22 -28 -23
-20 10 3 0 -3 4 8 -3
14 0 -4 -11 -8 -13 -24 -5
-26 -17 -7 -9 -5 -44 -43 -16
5 24 14 13 4 7 33 55
34 -35 -12 -4 -9 12 25 -32
-13 -12 4 6 1 -3 -29 -32
-4 12 -19 -3 0 -10 -30 -17
-56 -52 0 -4 -4 -2 -4 2
28 48 32 4 1 -11 -21 8
24 23 -15 -10 -4 -25 0 22
-22 -32 -11 1 -1 11 17 -13
16 -33 -9 2 -2 11 17 5
-37 6 8 1 3 3 1 -9
2 41 18 8 5 9 -6 -15
2 20 -3 -2 -5 -23 -5 -4
7 4 -3 -12 0 22 -1 6
-11 -9 -1 8 15 12 15 3
12 21 11 1 -3 6 14 12
-5 -38 -2 -3 -4 0 -7 3
10 22 -5 -3 -5 -12 -4 -21
-7 -4 0 -6 -7 4 -17 -11
-62 -37 -30 -7 0 15 11 1
32 22 13 0 2 15 24 28
1 -37 -1 11 -2 4 -4 -28
14 15 -8 -10 -5 -21 -24 -1
-8 25 6 0 1 16 39 32
5 -28 -9 3 -5 26 22 0
-8 11 4 -3 1 -28 -17 -13
-41 -9 -18 -7 -6 0 20 -18
-7 -48 -15 1 -4 -28 -37 -7
45 57 0 -2 3 7 -17 1
-22 14 16 5 1 -4 13 8
-3 -17 -14 1 -8 9 18 14
2 -38 -2 -11 -5 -17 -15 7
-27 -6 -17 0 -2 -7 -7 -49
10 29 43 8 2 -8 1 24
-9 26 1 -7 1 -19 -18 -17
30 0 -7 7 -5 17 7 16
-18 -13 5 -1 3 -14 -16 1
28 58 1 -1 1 10 3 -4
8 -22 -3 3 -4 0 9 22
1 7 5 -9 -1 -16 -24 -34
22 4 2 5 4 41 50 34
-24 -6 -17 -11 -6 -9 -20 6
-16 0 -14 4 2 1 -10 -19
14 16 7 6 6 15 40 7
-16 -9 11 -3 -4 -17 -22 13
-21 -25 -25 -13 -9 -24 -55 -96
13 -43 -4 3 -3 -25 -12 -27
14 -10 13 -3 1 -6 -21 18
-53 -22 -7 22 0 12 21 3
40 23 -14 -13 -1 -18 4 32
-19 8 29 6 4 17 9 9
14 37 16 -4 -3 -4 -21 -27
-15 -5 0 2 0 -2 0 -3
-16 -94 -35 -8 -4 -11 -7 12
7 26 7 -3 -9 12 -2 0
-7 51 17 -3 10 -9 2 -6
-6 -11 -6 -1 -2 6 -17 3
-24 -9 3 3 -2 16 14 -16
25 14 -1 -11 3 -8 17 53
-14 -22 -13 2 -5 1 -12 -30
27 31 14 2 5 2 13 -12
14 -1 -11 -8 -11 6 -3 1
-19 1 6 3 2 -26 -12 1
29 -16 -15 -1 2 19 20 12
0 12 -12 6 -1 -17 -11 21
0 -25 0 -1 -3 3 11 -2
4 35 13 -3 -3 -19 -32 -15
-8 -2 0 -5 -4 28 6 5
-32 -33 -3 -17 -3 5 7 -29
43 25 7 15 0 -8 2 36
-22 -28 -29 -5 -3 -1 2 -2
-2 23 6 -8 -6 -22 -7 7
20 10 -2 9 5 -1 -5 -8
4 -28 -3 5 4 16 3 -10
-5 -31 -5 1 0 -2 -9 10
-33 -14 -10 12 -4 -6 -1 2
1 7 7 -12 -8 -13 -27 0
27 28 8 5 5 13 27 23
25 -4 -4 1 2 16 7 -16
26 57 -3 -13 -7 -28 -21 -8
35 -1 -12 6 2 6 27 39
-40 -14 15 -1 -5 -46 -42 -32
-6 9 -7 -1 0 30 21 -13
0 -4 0 -5 0 1 6 -13
11 -7 6 -1 2 -8 -9 -18
-35 -38 -16 -21 -11 -1 -15 11
19 25 0 0 -3 -9 17 -17
-30 -27 1 0 2 9 10 44
7 30 12 -2 2 2 -2 -29
9 -1 -4 10 5 12 12 6
-18 10 8 -4 0 2 -14 -6
22 -20 -24 -13 -13 -15 -24 9
-27 17 11 4 8 -1 12 5
7 -10 2 5 3 9 10 -5
-10 21 14 -2 1 -11 -4 1
-10 -17 -9 7 -2 2 -6 -6
-20 -13 -5 -20 -17 -22 -35 -13
-9 7 -7 7 6 13 21 -12
11 10 -4 2 0 6 10 9
-33 -36 -4 -7 4 -5 -5 -20
20 -14 -17 0 -10 27 -7 -4
-18 60 27 8 10 -2 4 21
-70 -100 -32 -7 -4 21 7 -31
67 -7 19 7 0 14 34 10
4 -32 -17 -7 -8 -17 -13 -7
13 38 0 -15 -14 -13 -14 -1
-8 -30 8 18 7 10 24 18
-10 22 2 3 3 -9 -6 -6
-21 8 -1 -4 -3 6 -14 -19
21 -5 5 -2 4 14 27 -17
-5 36 1 -5 -10 -20 -30 33
-22 -16 6 14 8 12 21 -41
16 8 -17 -5 0 -11 5 19
-10 5 -10 -8 3 4 -9 27
41 35 29 14 8 14 -8 -28
-36 -30 -30 -13 -8 -16 -12 -7
-3 -4 7 0 3 -9 5 18
19 -29 -9 4 -7 -10 3 1
20 13 -5 -7 0 -14 -24 0
-26 -32 -2 -2 -4 12 13 -1
-18 1 4 -8 -1 7 20 13
3 -6 0 9 9 -4 -20 -29
6 6 1 -6 3 12 20 22
14 8 -17 0 -7 9 2 6
-3 18 16 6 -2 -22 -7 4
-5 -22 -7 -7 -3 -5 -20 -20
-27 -42 -16 -4 -14 -10 -13 -13
5 40 17 3 10 5 28 40
-6 -29 -18 -5 -4 -5 9 -11
-4 3 16 11 6 22 -5 9
0 21 -12 -2 -8 -19 -27 -15
21 -6 -5 -1 -3 -12 -15 0
0 21 -1 4 -1 11 21 1
6 29 26 3 0 -6 0 3
-42 -21 2 -10 3 8 25 3
17 3 -9 3 -1 4 -10 -5
-2 22 -6 -10 -1 -19 7 -19
23 20 -15 1 5 17 2 23
-14 -2 9 2 -4 -32 -30 -3
-11 23 5 -4 8 16 28 8
36 -17 13 16 3 -10 -13 -28
-22 -8 10 0 -1 -14 17 25
-46 -92 -30 -9 -15 0 2 16
-36 -17 -20 -6 -5 -48 -38 -28
29 27 4 -8 3 25 -4 14
-9 -12 1 1 -1 6 15 -5
37 26 10 6 6 -7 -7 8
7 -14 5 -2 -5 0 -12 14
-59 -28 -6 -8 -8 -23 -55 -58
39 44 1 2 5 12 37 40
