-14 -22 0 -4 -3 -1 -9 -13
3 -2 3 8 8 8 7 34
-6 7 15 -1 -4 1 0 -8
-17 -40 -15 -1 -4 -7 -5 -6
-4 8 22 -2 3 -2 25 -6
7 7 -21 -5 -4 -12 -25 -22
13 32 8 2 3 7 0 2
-7 16 -7 2 8 7 9 6
-6 -45 -20 -6 -4 6 -14 -16
10 39 38 7 -11 -27 5 -8
-16 -28 -30 -9 9 29 13 8
2 -6 -21 -7 -8 -5 -6 -17
9 64 31 9 1 0 -2 26
14 -20 10 5 7 10 -4 -21
-18 -36 -12 -5 -15 -25 -20 -16
-12 -29 1 3 4 6 14 36
-3 16 -3 -3 3 -3 -5 -27
0 -5 -21 -7 -7 1 -7 -5
-5 -1 27 4 1 -11 1 3
3 23 18 -4 0 10 13 -46
3 -46 -61 -15 -11 -20 -18 10
-2 28 0 1 0 4 12 11
2 20 15 2 8 24 17 18
-5 28 6 0 -4 -11 -22 -34
4 -4 12 3 -2 2 12 16
-6 0 23 4 3 3 3 -8
4 -2 -5 -2 0 -4 -4 2
29 25 -40 -5 -4 -3 1 33
3 24 -19 -15 -8 -6 2 -6
-11 3 -20 -4 -2 -2 -22 -7
9 -2 39 6 2 4 8 -1
0 14 2 1 1 3 -8 1
1 6 27 7 -2 -1 -1 21
-2 1 -17 -9 -4 -6 -2 -16
-38 -71 -46 -12 -13 -7 -12 -16
14 20 12 6 0 -1 0 -13
-20 -19 15 2 1 -7 -7 -43
20 38 22 1 1 6 9 21
-15 -40 -47 -1 5 5 -20 5
9 -3 3 -6 -2 0 5 13
-15 -12 -2 2 -9 -21 -7 11
-12 6 15 1 10 33 10 -38
26 15 4 2 3 -5 -9 -9
6 34 -8 -10 -4 -1 10 6
-16 -5 8 5 1 1 -5 12
-8 -62 -21 -5 -10 -13 -5 7
15 53 -15 -9 -2 3 12 15
-17 -55 -3 1 2 3 -3 -9
22 40 20 0 0 0 3 29
7 -13 10 8 2 -7 6 -16
-12 15 -3 -8 -4 1 -14 -11
-11 -17 1 6 0 -1 25 52
11 5 -3 0 5 7 -7 -4
-2 -36 -9 -2 -6 -7 -1 7
3 46 35 5 -1 -6 7 -2
-13 -25 -39 -14 -6 -13 -23 -16
-1 -4 -16 -6 5 10 12 -6
1 25 -4 -3 1 14 0 0
1 8 27 7 4 -7 -32 -12
-5 0 23 1 -7 -8 13 19
3 8 -40 -6 -6 -7 9 -14
-7 -10 -18 -8 2 -2 -18 -12
18 10 28 3 -2 3 18 30
0 -25 -14 -4 -2 0 -3 -22
-10 4 -2 1 -2 -4 -15 -24
1 11 17 6 1 0 21 28
3 -24 -32 -8 -3 -1 -31 -28
6 -6 12 5 0 2 25 27
-3 0 -6 -5 -7 -2 3 -2
-5 7 24 1 -5 -13 -10 0
12 8 -5 2 0 0 1 -18
17 16 -2 7 12 7 -6 -1
-14 -6 5 1 1 7 2 -4
-20 7 38 0 -7 -15 -23 -19
-6 -17 -51 -16 -11 -6 5 1
-3 12 6 -2 1 5 -8 -12
6 -17 -1 1 -1 -6 -1 3
13 25 16 4 6 10 8 18
-42 -36 14 0 -5 -9 9 -8
28 64 -28 -8 -9 -8 -12 -7
-19 -105 -72 -19 -7 0 -23 31
11 52 6 -1 -4 0 -12 -14
-3 4 1 5 2 2 13 26
-16 -5 9 1 5 -3 -5 -32
26 60 29 1 -1 -3 -14 1
-14 -61 -28 -7 -8 -9 18 18
16 21 18 4 7 17 18 0
3 8 42 11 2 3 -6 44
-7 -21 -77 -18 -3 -1 -4 -8
13 14 19 -1 -5 -3 -8 0
-6 -15 8 3 -2 -7 10 -12
4 59 -9 -7 -3 -4 4 -9
-12 -40 38 12 6 5 -2 -5
4 3 -12 5 6 4 11 -24
-20 4 18 0 -2 -7 -8 18
-13 -43 -46 -12 -8 -7 -26 -20
11 2 8 3 0 4 5 12
2 -13 -47 -2 0 -3 1 12
7 8 22 -1 -4 -8 -4 -8
-3 -18 7 1 6 11 8 0
-3 34 47 7 3 2 4 -10
-8 -51 -31 -3 -2 -8 -4 3
4 17 14 4 5 7 1 1
6 13 4 -1 -6 -3 3 -24
-16 -3 -7 -4 8 22 17 9
-3 32 15 -1 -8 -12 -9 -37
25 35 -4 -3 13 23 4 50
-23 -67 -13 -2 -5 -14 3 -7
23 42 46 15 1 -4 8 8
3 10 3 5 5 5 -16 -19
-8 -11 -5 -4 3 8 19 21
8 14 4 -5 0 2 -2 3
-29 -3 -10 0 -8 -9 -5 -15
1 -6 6 1 -1 -2 -7 12
6 -1 -13 -7 -6 -13 -5 -20
-9 -14 33 9 6 8 -3 -5
-24 -39 -35 -13 -7 -11 -14 -35
21 75 13 5 5 12 13 36
16 25 27 -2 -5 -7 -11 7
-10 -22 -22 -6 -6 -5 9 -17
3 13 1 5 0 -6 -13 3
-2 -13 1 -4 -1 0 0 23
-22 -23 -39 -5 -8 -4 -8 -16
2 11 9 0 5 9 -5 17
6 -2 15 -1 -2 2 12 5
1 1 -7 -4 -10 -6 1 16
-17 -37 -8 2 5 -6 8 -30
-21 0 21 6 -3 0 -14 -17
5 -42 -44 -14 -2 -1 7 1
-13 -6 14 -3 0 -2 -1 -8
13 10 16 2 -2 -1 8 -19
5 39 -7 6 1 -2 -9 4
-4 -38 9 3 7 8 8 -1
-10 -50 -37 -14 -10 -10 -3 -16
10 51 33 6 -5 -3 14 23
-15 -41 -37 -6 -3 -1 -27 -23
6 39 25 6 2 0 23 26
-26 -62 -24 -5 1 6 1 -3
11 14 -14 3 2 2 1 8
-1 -9 4 -7 -9 -8 -7 -4
5 18 40 6 -8 -12 -3 -8
-8 16 -19 -1 7 7 -6 -16
-9 -43 -17 -8 -11 -19 4 4
0 -14 -10 -5 13 26 9 14
12 38 5 -2 -5 -4 -20 -20
8 26 26 4 6 1 6 8
-38 -78 -43 -11 -10 -6 -11 -40
-9 22 9 -3 -7 -15 -16 -24
2 -20 -18 -5 1 0 10 19
12 32 24 3 0 -2 -1 12
17 38 41 9 6 12 8 -4
-4 2 -28 -7 -2 -9 18 27
-13 -3 5 -5 3 13 1 -19
6 17 -15 -3 -4 -4 -11 2
16 20 1 8 4 2 4 5
3 7 3 -6 -6 -11 -5 13
13 54 26 11 9 4 3 15
-8 -33 -7 1 9 13 -2 -20
-3 -27 -13 -4 -1 -18 -35 23
8 28 13 5 1 13 5 -10
2 -21 -15 -8 -13 -19 -11 2
-27 -65 -1 -2 -6 -5 -1 -10
-10 27 -21 -8 -4 2 -7 -4
4 -16 32 5 0 -10 13 18
-7 -7 -30 -11 -5 -4 -10 -10
-15 -27 4 -4 -9 -11 0 -8
9 22 -12 -1 -2 4 -3 -4
-27 -40 -22 -4 -2 0 -11 -41
12 21 49 9 3 2 11 17
5 -53 -63 -13 -4 -1 1 10
-3 -15 -10 2 1 -2 -5 0
5 21 44 10 6 7 9 -10
-10 -29 -46 -12 -10 -9 -22 -27
8 71 51 5 0 -4 -3 2
-24 -47 -7 -5 -3 1 13 4
6 47 14 1 -5 -10 6 23
5 -24 -29 -4 -1 2 -6 -7
6 27 26 7 4 5 -2 -7
1 -29 -29 -8 -8 -6 16 34
-1 15 4 5 0 -14 -4 -24
13 65 57 9 8 15 -18 22
-29 -97 -101 -23 -15 -9 4 5
8 27 26 9 9 10 -13 11
-5 2 -10 -5 -6 -7 3 1
15 -23 -2 4 4 2 -3 0
-17 15 13 -10 5 -1 -5 3
-11 -43 -6 -2 -3 1 -4 0
17 -24 -28 -5 -7 -7 -2 1
-3 30 8 6 0 -2 -2 -1
0 22 38 15 3 1 12 0
-23 44 -12 -17 -10 -7 -8 -12
16 -3 12 -3 1 11 -17 8
-12 -50 -9 -2 -5 -12 12 -6
16 33 24 7 4 1 3 6
5 23 14 5 0 -6 -7 -29
5 14 -4 -4 -2 0 -12 4
-13 43 -18 -4 3 8 2 1
-2 -12 13 8 2 -3 0 -12
7 -15 3 -8 -6 -8 -15 13
-11 -17 -19 -2 6 15 6 0
-1 -7 4 0 -3 -11 7 17
20 44 14 -1 -5 -6 -1 4
-5 1 -1 0 7 21 5 -14
-5 -52 -17 -1 1 5 3 10
13 19 -25 -2 -1 -4 0 -6
-5 24 11 1 -5 -5 -8 -39
3 3 10 3 2 -2 3 2
15 33 7 -1 1 -5 24 -5
8 14 24 5 2 5 4 6
-22 -50 -34 -11 -6 -7 -8 0
6 27 33 5 0 -3 -7 -33
-13 30 -6 -7 -3 1 5 30
-11 -75 -17 -2 -1 -6 -6 -21
13 29 11 7 5 4 9 29
-19 -25 -5 -1 -4 -5 -9 -13
3 -7 3 4 2 -2 -9 -45
-9 4 -7 -8 -2 7 1 5
3 -6 -2 -5 -3 -2 7 21
4 4 22 6 4 7 -2 5
-40 -39 -30 -8 -9 -12 -5 -1
-5 -36 -2 -2 -7 -13 -9 -19
-2 -5 -23 -4 6 6 3 0
7 1 -11 -3 -3 0 10 3
13 5 4 4 1 -7 7 8
-14 6 12 1 0 4 3 9
-13 9 15 -4 -3 1 -5 0
17 -13 -34 1 0 -3 -8 -10
-11 -2 11 0 -1 6 17 9
-5 -1 -21 -3 2 -5 -12 20
8 53 6 1 -5 -4 -6 4
-10 -1 6 6 -1 -3 13 55
51 42 28 0 1 15 2 -30
-10 2 -18 0 -1 -1 6 9
10 21 0 -3 -4 -13 5 4
-20 -52 -7 -7 -2 7 -14 3
-8 0 -6 3 2 -13 -32 -16
12 16 32 6 3 12 30 12
7 -11 -5 -2 -5 -23 -9 -7
-2 -21 -19 -5 4 17 1 -29
-10 -6 16 0 1 -2 -3 34
3 60 12 4 10 11 -1 -9
-9 -69 -8 2 -7 -8 -11 -20
3 30 5 -4 0 -8 2 9
-17 -16 -17 -6 -4 -7 -5 -16
30 46 10 -4 -3 -2 -3 11
-3 -15 -23 -8 -3 6 9 7
-1 6 22 8 -6 -7 -3 -9
10 -1 -16 -1 0 5 1 1
-33 -46 -38 -16 -9 -15 -21 -8
-8 -13 32 3 1 8 11 -30
5 14 -6 -1 -3 -5 -35 26
-16 -32 7 3 -1 -2 11 -22
8 27 4 2 -7 -11 4 -24
-4 -35 -9 -2 -2 -3 -2 6
-10 3 0 -2 2 4 -6 -19
11 11 36 5 4 5 6 51
-6 -65 -36 -5 0 8 6 28
11 39 5 0 1 -6 -15 -18
-8 -42 -48 -6 -6 -11 6 -19
-1 9 9 -3 -9 -9 -9 6
-4 -24 0 -3 -1 4 -2 -22
8 50 17 5 7 10 -3 12
-2 -35 12 0 -1 -9 11 -1
-14 -26 -37 -9 0 1 -9 -29
-1 25 5 -9 -11 -15 -9 -19
8 5 3 1 4 13 -9 3
7 20 26 3 -1 -5 4 -1
-2 -33 -26 -10 -1 3 -2 2
3 31 12 6 -6 -12 -29 -2
-24 -26 -37 -4 0 9 24 -14
30 101 28 1 0 -3 0 1
1 1 -6 1 -4 -5 -7 -12
-5 -33 9 0 1 4 18 35
14 22 8 2 -5 -17 -13 18
-14 -2 -4 3 7 29 6 -10
11 20 3 2 1 6 19 3
0 17 16 1 4 5 12 14
3 -18 -16 -6 -4 2 -2 -1
-9 -21 -4 -4 -6 -12 0 -6
-5 7 13 12 3 -2 -11 -11
-5 -27 2 -3 -4 4 6 -11
-12 -6 4 -10 4 7 -6 7
-6 12 0 -7 -1 -4 -3 -14
-7 -55 -45 -16 -10 -8 1 9
-8 -25 -8 2 -6 -9 -5 -18
-8 -10 10 3 -3 -3 -2 -7
2 33 6 -1 -3 -6 5 -8
16 101 88 18 12 10 5 28
-42 -96 -96 -22 -14 -20 -22 -53
-5 29 32 -2 1 8 2 15
-7 -4 -16 -1 0 0 6 6
-2 12 3 3 -2 -2 -5 -1
8 23 11 5 11 9 8 8
6 0 0 2 -12 -34 -8 -15
-8 -19 -6 -7 5 25 15 8
-4 -40 -4 -1 0 0 -34 17
7 45 34 14 12 9 9 -19
-16 -31 -5 -10 -10 -12 -7 -18
3 -16 -23 -5 -8 -12 -9 -6
-8 1 -27 -11 -10 -11 -2 -17
0 -5 11 -2 1 5 4 12
4 19 14 9 3 2 -8 13
26 83 43 13 9 7 25 4
-20 -69 -18 -10 -5 0 -14 9
19 17 2 4 -3 -3 -1 5
9 -30 -29 -2 3 12 15 6
-25 -36 -13 -5 -5 -12 -10 -4
8 40 0 3 2 -13 -5 -14
13 21 30 4 -1 15 4 38
4 7 -1 1 3 6 0 -2
-9 -43 -14 -2 1 -2 -14 1
8 33 8 1 -3 -8 -3 -35
5 7 -4 -3 -6 -17 -24 -6
-18 -37 -14 -3 -3 6 -1 4
-10 -45 -11 -6 0 2 -6 -14
-3 28 7 10 6 10 10 18
-1 -14 13 -12 -9 -16 -7 -17
9 -2 -46 -6 0 8 12 2
-5 4 -2 -6 -5 -6 -9 -15
0 -5 -7 -2 -5 -8 6 0
-7 2 31 13 11 7 6 -7
24 58 8 7 3 -1 5 23
-41 -87 -47 -31 -19 -18 -23 -31
4 -5 -8 5 4 4 7 -3
-15 5 -1 -4 -6 0 3 9
3 8 -5 -2 3 12 -5 10
24 13 35 9 0 -3 20 14
-29 -44 -19 -8 -14 -23 -34 -27
-9 -28 -47 -11 7 22 2 25
-13 -11 32 3 -1 -9 2 -24
6 1 -7 1 4 3 -8 -1
9 24 5 -7 -6 -2 4 9
8 2 -1 2 -4 -9 11 -16
-6 -17 -3 2 0 2 -10 16
4 25 22 10 4 3 -5 -1
18 -8 33 -1 1 0 29 1
-23 -49 -70 -12 -4 -4 -9 -16
8 11 12 -2 -2 -5 6 -24
4 19 7 3 -4 -12 20 29
-9 -14 -18 -4 -6 2 -17 -5
-21 5 6 3 12 22 -9 -16
1 1 -2 0 -6 -15 20 6
6 13 4 10 3 12 9 -1
-4 -3 -11 -6 1 1 18 -3
7 8 10 1 -5 -6 -6 -16
5 27 -3 0 2 -1 -19 -24
-13 5 -27 -10 -4 -13 3 47
-6 -4 0 -1 -4 1 -2 -3
16 4 28 5 -3 -8 0 2
-6 2 -14 -1 2 4 -9 -5
2 -5 19 10 2 3 0 -7
27 8 -11 -5 9 6 -3 17
2 43 27 2 -6 -5 8 3
-8 -11 -8 6 8 6 -2 -9
6 41 14 -1 -1 -3 -27 8
-21 -36 -48 -13 -8 -2 6 -8
2 8 12 0 -4 -6 -2 -1
3 44 7 -3 -2 1 8 13
-8 -23 -13 -4 -7 -10 -13 -30
-10 5 17 7 2 -9 2 -2
5 23 -5 -5 0 5 8 12
-3 -24 14 -3 -5 1 -26 -23
3 0 -4 -2 9 23 40 38
-2 8 45 10 2 -2 -8 -5
-1 -65 -69 -16 -14 -18 7 -26
-10 -9 16 -1 5 12 -6 13
6 38 -10 4 -5 -10 -17 -49
-9 -90 -16 -8 -2 9 1 13
0 26 6 3 2 2 10 27
0 -14 -1 -7 -7 -8 3 -16
-11 15 -7 -1 -5 -8 -5 3
0 22 8 4 5 9 6 -7
-3 1 19 1 3 -2 -7 -3
6 -31 -29 -4 -6 -7 -2 17
13 38 26 2 4 5 5 -4
-15 -11 -11 -2 -3 -1 -1 -4
9 6 -17 -10 -5 -6 -25 2
-13 -42 10 5 -1 -11 40 20
12 -16 -27 -5 -1 10 -33 -20
6 14 -16 -2 -4 0 14 8
-15 -11 20 0 -1 4 4 7
16 -2 -11 -1 -1 -6 -4 26
-6 -2 19 0 1 -9 -13 -9
-3 -11 -7 -2 -1 5 12 -3
-12 1 12 3 -4 -17 -14 -14
12 60 16 2 6 21 4 6
-19 -89 -31 -10 -3 -5 1 -12
-6 15 14 -1 -1 2 -16 -4
8 -6 -1 11 6 3 21 0
-21 7 -39 -23 -15 -13 -6 -35
10 -22 2 -10 -11 -9 10 30
-3 33 3 -5 -9 0 3 -8
8 15 73 54 33 11 2 4
-9 -20 -35 -4 3 -5 -3 -15
19 45 -5 1 -3 -3 5 27
3 -31 4 -17 -15 -16 -13 -6
-7 -11 -16 -12 -7 12 -2 -4
0 -7 0 10 1 0 -10 -3
-2 18 16 -7 -7 -6 -9 -8
7 15 15 10 2 -12 -7 7
6 3 -33 -10 -3 3 15 -19
0 -18 5 -9 1 7 -11 -13
-17 -29 -14 -3 -12 -8 28 30
-1 9 2 8 8 8 -2 -5
-13 -14 -7 -10 -6 -6 -7 1
4 36 25 2 -11 0 12 23
-9 -50 -6 4 18 9 2 -24
10 15 -16 5 6 9 0 15
-9 20 3 -1 -3 -11 -14 15
0 -1 15 -5 -4 0 16 -7
-7 8 -21 -9 -3 -2 7 -11
10 -6 -16 11 4 2 -1 2
26 15 63 11 4 2 -2 2
-11 -1 -54 -18 -11 -8 -9 -2
0 42 18 10 3 4 9 1
-2 -8 -11 -8 2 -1 -12 -13
2 -30 -26 -5 -6 0 -1 3
-3 4 14 0 -4 -18 -9 -23
9 14 9 -1 1 11 0 5
-7 -15 -22 -7 -6 -7 -4 -7
11 18 20 -1 -4 -3 -7 3
-4 -12 1 1 -5 -6 -6 -14
-27 -70 -30 -4 4 8 -18 30
11 29 24 3 10 15 14 -5
-8 18 -13 -7 -4 -5 -15 -21
-9 10 13 4 1 -5 1 7
1 5 21 7 -7 -8 -2 -11
-1 -1 8 5 6 2 -20 1
2 -9 -28 -21 -11 -4 21 35
-8 -22 -49 -1 -1 2 -2 -2
18 2 26 7 -1 -3 2 -6
-5 2 4 -2 -3 -4 -3 -8
-10 -17 3 2 6 5 -3 -15
12 17 24 16 12 12 0 32
-6 26 23 -9 -7 -12 -7 -28
-6 -29 -38 -6 -8 -7 3 0
0 22 0 -3 -7 -2 -9 15
2 2 18 3 8 9 -3 -5
-27 -7 -10 6 5 -1 -14 4
13 3 5 -1 -2 -2 -10 -18
-12 -12 -21 -6 -5 -9 -5 4
-14 1 37 2 -6 -13 11 20
28 -3 -55 -13 -5 9 2 -15
-4 6 18 -4 9 24 1 12
-16 -32 -21 -3 -3 5 -9 -16
28 32 24 5 1 -11 -10 -5
4 11 -1 0 -2 -7 11 -3
-19 5 -12 -10 -9 -10 8 8
5 -2 17 4 1 -3 -7 -10
-14 -21 -15 -10 -6 1 -7 -26
3 -7 -2 1 0 -4 0 -4
4 27 6 14 7 -3 -3 0
3 23 11 4 4 6 7 -11
-6 -22 -1 -4 -1 -5 -44 -30
-1 -9 -35 -6 -6 -1 24 16
3 10 20 -4 -6 -12 4 9
4 36 -9 -2 -1 -2 23 -12
15 1 18 5 0 8 -21 -7
-15 -8 -3 2 7 4 -4 19
-12 -6 5 -4 -9 -15 6 10
-9 -28 0 -2 -5 -9 8 -5
3 16 -11 -6 -1 7 2 3
11 25 33 5 4 1 -8 -11
0 -51 -29 -1 -5 3 4 -3
7 9 -13 -10 0 -5 -15 -2
-6 -22 -3 6 1 -3 11 31
-16 -14 -1 2 -3 -2 -9 -38
-4 -1 22 -4 0 3 -27 9
11 0 -13 4 -1 -3 20 3
-9 -17 -37 -6 -3 1 -33 2
-2 14 36 2 -8 -10 3 -1
9 3 -25 0 11 11 0 -2
-21 -46 -18 -3 -3 -1 -7 -16
-21 11 22 4 5 -2 13 -30
15 21 -3 -6 -2 3 0 25
-15 -45 -9 -1 -5 -13 1 -8
1 -1 -7 -5 -4 2 0 23
11 1 1 3 -2 -7 17 24
-8 -30 3 -1 -1 2 -11 -18
-15 21 1 -5 0 2 2 -2
3 9 15 0 3 -6 -10 2
-3 -25 -26 -9 -2 4 -7 3
-6 -9 5 -5 -6 -11 6 9
12 77 43 5 5 7 7 8
-17 -73 -21 -8 -7 -5 -3 -22
18 58 -23 -3 -1 2 16 -8
7 -52 -26 -1 -8 -8 5 27
-23 -43 -10 -4 -5 -8 -4 -51
-16 -28 -10 -6 1 9 -21 -5
-13 14 33 8 4 13 31 -3
8 42 43 8 5 1 -10 -10
-7 -32 -54 -12 -11 -10 1 5
40 84 37 3 7 2 6 31
-42 -99 -62 -23 -23 -14 -19 -23
10 27 0 3 10 13 -10 -6
8 15 25 11 2 5 -4 2
1 24 -4 4 2 4 3 -17
-2 10 29 -1 -10 -16 -38 16
-8 -2 -18 -8 5 16 -1 -9
10 -5 -8 -2 -4 -3 5 6
-8 -7 -13 1 2 2 -7 -2
9 8 23 11 6 -4 19 14
-18 -18 -6 0 -5 -5 1 -15
11 72 22 3 0 3 -7 -8
8 20 2 -15 -11 -10 8 57
8 9 -23 -7 0 4 -6 -15
7 -26 -16 5 -4 -9 -5 -5
-22 -27 16 -4 -1 1 5 0
0 -6 21 10 -2 -6 -17 -29
0 2 -7 -2 5 13 11 -4
-14 -13 -40 -15 -4 -9 12 30
3 -1 4 1 -1 -6 -1 -2
-28 -50 -23 -8 -5 1 -2 -19
20 40 28 0 3 -4 10 11
3 -10 18 6 3 4 -14 4
0 -13 -30 -1 1 -1 -2 2
2 46 44 5 -1 -13 -4 -5
4 -11 -30 -5 -1 6 4 1
-13 -10 -3 -2 -1 6 -1 -7
-5 -4 6 0 -2 4 12 -6
-4 -44 -32 -6 1 6 -5 -2
-7 6 20 7 0 -4 0 -14
23 62 18 5 1 -3 9 -11
-13 -48 8 -2 -2 -1 -15 7
-21 -43 -39 0 6 9 -3 -18
1 -7 6 -1 -1 -5 3 5
-12 -26 -30 -4 -3 -13 2 -4
17 11 10 3 -2 0 2 -5
-3 6 1 0 -4 -3 -2 9
-2 -3 15 2 10 6 16 18
6 -13 7 0 -4 -7 -18 -16
3 14 -7 -1 -5 -7 -4 -1
5 16 10 -3 -4 2 -3 3
2 -2 -17 2 -1 -5 -5 0
-7 -54 -23 -12 -5 -1 19 -31
14 35 -3 -2 -3 -7 -11 13
21 52 21 8 6 4 10 6
-22 -42 19 2 -1 0 4 -17
-4 29 -15 -4 -2 3 -4 -8
-19 -77 -55 -5 3 -1 -9 -8
-4 -18 0 -2 3 1 0 -22
22 59 16 3 2 -1 0 6
0 -14 19 4 -3 -8 -14 10
3 29 6 1 -4 -9 2 -2
-8 30 11 5 5 10 8 -13
-6 -20 -16 -12 -5 -2 1 3
-6 20 11 -2 0 3 0 5
2 17 11 3 -2 -6 0 0
8 -16 -12 -6 -2 -1 4 14
8 14 -37 -7 -7 -6 -18 -8
-8 27 33 7 5 -1 9 -20
-12 -49 -27 -16 -10 -5 -1 4
3 21 16 9 -1 -3 14 10
-3 -30 -20 -8 -6 -5 -15 -6
22 31 12 2 1 -5 -9 32
5 22 22 10 9 14 9 -37
-18 -64 -15 -8 1 5 1 -25
0 7 -2 3 -2 -6 -2 -6
0 27 27 3 0 0 5 7
4 6 14 -3 -1 -1 0 -5
-16 -38 -61 -11 -16 -22 -20 12
-10 -28 9 6 12 14 10 2
8 12 -3 1 -2 3 9 -1
-9 8 7 -13 -3 -2 -14 13
-9 19 7 4 -4 -11 -18 -14
3 26 -7 -9 -6 -6 20 13
-9 -6 2 -1 -3 -1 -1 11
-26 -18 -8 2 -1 -4 0 -8
20 24 6 -4 -3 3 -2 11
-3 3 13 1 1 -5 -7 -2
6 -23 -9 1 0 1 7 -33
-5 -29 2 7 1 -5 -16 8
8 38 29 -8 1 -1 -13 10
5 24 -9 -4 -3 -4 -5 -13
-13 -33 -30 -5 -2 8 1 2
11 8 7 1 1 1 13 10
-6 8 13 6 0 -3 18 17
-6 -21 1 3 -5 0 -6 8
8 -9 -20 -8 -1 -9 -13 -16
7 46 15 0 -5 -7 27 35
10 -28 -7 1 4 11 -2 0
-33 -35 3 -2 -5 -7 -3 -18
35 90 8 4 5 1 7 44
-18 -50 -23 -10 -2 1 3 -22
4 25 -3 -5 -5 -8 3 1
-8 -61 1 -2 -1 0 -6 -2
-9 0 11 0 -4 -2 -1 4
3 34 -6 -1 -1 -11 8 1
0 -10 3 4 3 6 11 9
-2 1 -13 -2 1 1 -2 11
-14 -52 -17 -6 2 5 -9 10
-5 7 0 -2 -6 -8 -11 -38
21 10 -3 -1 -4 0 -2 -3
14 40 24 5 2 2 -3 11
-15 -17 6 0 0 -17 9 -4
1 -7 -6 1 0 16 -16 33
-18 -24 -7 0 3 2 -5 -10
27 39 -8 -8 -9 -5 -5 -1
-10 4 6 -7 -3 -5 -8 -11
1 -44 -25 0 -1 0 -4 14
-13 14 11 3 -5 -8 0 1
3 7 18 6 13 15 12 -2
10 20 -6 10 5 5 -6 -19
-14 -42 13 -13 -8 -6 -15 -2
9 4 -19 1 -2 -5 6 0
-2 -18 -10 -2 -2 -1 -2 -10
1 35 0 -3 -3 1 2 5
-10 21 6 -3 0 9 0 -30
0 -17 3 -4 -4 -12 -3 10
10 13 15 0 -3 -3 7 36
-7 -15 -6 -6 -3 6 -2 -9
-1 7 -12 -1 1 2 4 -14
-9 -15 5 1 -2 -2 -6 4
7 55 20 8 6 3 -13 -20
-9 -31 -6 -5 -7 -7 2 -2
2 -35 -35 -8 -2 -4 8 30
-10 -20 -17 -7 -1 1 -2 -8
13 14 30 6 0 -5 -6 -10
1 -56 -55 -3 0 1 -8 -18
17 43 75 9 5 6 14 -4
-21 -36 -24 -10 -15 -22 -36 -21
4 -21 -17 -2 7 10 9 19
-9 9 11 0 -1 -7 -9 -5
1 1 6 2 0 9 0 -6
-10 -18 -19 -1 0 0 -1 14
0 35 6 4 0 -3 1 -23
9 -19 3 1 -1 -6 -11 7
18 17 9 -1 -1 -4 3 41
-28 21 -11 -3 2 14 11 -40
-5 -44 -21 -12 -11 -16 -15 -5
-7 -8 8 5 5 11 15 1
-4 -12 -18 -3 -3 -8 -19 3
30 67 0 -4 -2 3 2 12
-10 39 52 13 3 -3 0 2
-18 -43 -14 -12 -10 -8 1 -13
-5 -55 -48 -2 2 2 -5 -19
8 12 -5 1 3 -1 -5 -5
2 -6 -13 -3 -2 3 4 1
8 -26 13 -3 -4 -6 -8 1
1 59 61 16 -2 -18 -10 -18
-9 -62 -52 -16 -6 -1 29 -1
-22 -57 -36 -13 -4 4 1 4
-20 -17 -5 -3 -4 -3 -11 -11
-3 11 -12 -1 0 1 11 -9
11 7 38 8 4 3 -10 -2
-14 -10 4 -3 -6 -5 3 0
9 34 -9 10 10 9 -3 -16
-11 35 51 -9 -7 -13 -14 25
0 -50 -49 -4 0 3 -8 -1
3 15 -1 2 0 0 -3 3
-9 -6 -15 -9 -6 0 -9 2
4 -18 -21 -5 0 -1 6 -3
11 43 33 7 4 3 6 13
-19 -68 -2 -5 -7 -8 -23 -67
14 21 2 0 -4 -10 33 54
8 35 29 8 11 18 -2 -6
-3 -15 -2 1 4 8 -1 6
-15 -26 -29 -14 -14 -12 -6 -13
5 -13 -15 -4 -5 -14 -21 -12
-11 -17 -28 -4 -3 3 8 -1
1 8 33 4 -2 3 -6 4
2 -5 -2 3 11 11 5 6
6 44 14 3 3 0 -17 32
-17 -14 -6 -4 0 1 16 -18
4 1 -6 -3 -7 -13 -3 8
-2 17 -2 0 -1 -1 4 12
-8 48 20 -1 0 4 1 -6
17 -12 -22 -2 -2 -4 0 -11
-10 18 38 6 -5 -1 5 -8
9 34 -31 -17 -6 -2 14 45
-21 -21 -4 6 1 7 -4 -6
10 24 -15 6 6 2 -6 5
11 -11 26 -5 -2 -4 -12 -47
1 -19 8 9 -1 -4 3 24
-1 -9 6 -6 -3 2 -4 -34
1 -2 1 -4 -4 -4 -9 13
-28 -30 -21 -4 -2 -4 0 -3
12 30 14 1 -3 -4 -3 -35
8 -23 -9 -2 0 5 4 6
2 -3 -10 -2 -3 -9 -11 2
-3 19 2 -3 -2 -2 3 -5
14 18 16 4 6 8 16 22
-13 18 -2 -5 -2 -8 0 15
6 24 2 -3 -3 3 -1 -2
-9 7 20 -6 -4 -3 4 5
3 -32 -11 10 0 -5 -17 -11
1 -21 -12 -2 -1 4 7 -9
-2 32 11 1 5 3 11 15
5 15 2 11 4 1 -20 -10
11 0 9 -9 -7 -9 -3 -17
-3 -11 5 3 -1 -5 -6 26
-12 -17 -34 -7 -10 -11 -7 -5
9 -8 11 1 4 7 11 -9
-17 0 2 -2 3 6 -9 0
-7 -12 -3 -1 -6 -7 -18 -19
18 30 6 5 11 20 20 25
-8 5 15 2 3 3 -6 -4
-14 -25 -31 -4 -3 -11 -5 -14
16 22 9 -8 -8 -9 0 -16
7 43 29 4 -3 -1 4 10
11 -2 -38 -3 4 9 13 -18
-22 -83 -66 -16 -12 -3 -10 -9
-4 32 30 9 5 3 -2 -4
-14 -34 -1 5 -1 -1 -9 -5
21 48 18 2 -5 -11 4 10
16 37 11 4 10 15 2 5
-1 -9 -12 -5 -7 -10 5 8
-11 -21 2 3 2 10 -11 -24
2 11 9 2 2 2 7 14
-12 -13 8 7 -1 -3 17 5
9 10 -6 2 0 0 -8 -4
6 2 0 -3 -2 0 17 -4
0 21 5 -5 -4 -2 -14 7
14 16 12 6 -2 -7 2 21
-8 -27 -3 1 1 13 14 -23
-10 4 -31 -15 -10 -13 -14 30
1 -54 -12 2 7 9 0 8
-9 18 22 0 -4 -7 0 -4
30 33 49 10 6 6 8 -3
-15 -89 -65 -21 -13 -13 -3 0
-9 22 -28 -13 -6 -4 -8 8
-7 -6 10 6 1 0 -13 -5
8 17 16 6 2 4 8 -2
5 -15 10 7 2 0 -20 -12
4 0 -14 -5 -9 -8 10 34
-4 -26 2 -8 2 3 1 -10
-13 15 -11 -2 2 16 1 13
13 2 9 3 -3 -3 -17 -10
-7 -28 -12 -3 -6 -14 -27 -15
2 -1 -1 -3 -2 1 -5 -13
-4 3 -8 1 0 -21 -7 8
-5 17 17 3 10 23 -2 -6
-13 -1 -1 -1 -3 -3 24 -26
6 -3 -11 -2 -3 -2 1 -3
-12 -30 9 -5 -5 -10 -13 -5
-2 -17 -51 -5 -3 -5 11 -9
-1 21 53 9 3 -1 -8 10
5 3 -16 -1 0 3 4 -7
-6 0 7 -8 -7 2 5 -6
2 -2 -4 2 -2 -6 -7 -28
-4 -8 4 -2 -5 -1 -2 10
15 30 7 1 7 9 12 35
8 -3 2 0 4 5 -9 -4
-9 -38 -8 -4 -8 -6 5 -5
-3 -4 -5 0 2 -1 -7 -11
0 -9 -6 -8 -7 -10 -34 -3
-16 -25 -15 -2 -3 -4 16 -13
17 59 39 1 0 -5 1 4
-13 -43 -36 1 2 2 -7 -14
-11 24 22 0 -7 -4 14 13
8 37 -6 -1 1 -3 2 -9
-12 -36 -5 7 7 6 -3 6
15 10 -11 -8 -8 -5 -10 1
-5 -18 8 3 -1 0 5 12
-9 -22 -37 -7 -6 -2 3 9
5 50 38 2 -6 -6 5 4
-10 -14 5 5 9 6 3 4
9 31 -2 -3 -7 -15 -9 -46
4 22 5 -2 3 10 -1 39
-3 -6 -5 0 -2 -1 6 -2
-12 -2 -13 -2 1 0 -2 7
5 3 13 -1 -4 -7 -2 -15
-6 -16 -6 0 2 2 -14 -1
-12 10 10 0 -3 -5 -1 -9
6 -4 16 -3 -6 -5 2 11
-10 -11 -46 -1 6 7 -6 -4
17 35 27 -1 -3 -1 12 14
-13 -46 -26 -10 3 5 -2 -7
0 10 3 3 -1 -1 -4 -1
-16 -24 -6 -2 -4 2 -1 0
0 49 61 8 -3 3 -9 -19
-33 -74 -75 -25 -7 -12 2 10
6 -3 -26 -3 0 10 0 -8
-10 29 -1 2 0 -2 -5 -11
1 -28 -17 -1 -5 -20 -7 11
5 21 19 2 0 15 6 -7
13 15 32 2 -3 -7 -2 6
-10 -40 -36 -8 -3 5 1 16
6 6 0 1 1 -4 -14 -11
-4 34 25 7 0 -8 40 5
1 -5 5 -2 -9 -4 -23 11
-15 -7 7 2 8 9 -2 -23
6 -35 -39 -4 1 -6 10 19
9 24 17 3 2 3 -18 -39
6 46 4 2 0 -1 6 0
9 26 44 6 -1 -3 7 4
10 3 -22 -7 -5 -1 0 11
-5 2 -8 -4 -5 -6 -17 -8
-8 -34 1 -5 2 -1 5 -9
-6 1 -26 -7 -3 2 -6 8
-3 1 8 6 2 -9 -8 -8
17 26 30 8 4 12 18 29
-8 -8 -40 -18 -5 -2 -1 12
-7 11 25 9 3 3 9 10
8 -9 -19 -4 2 -4 7 -19
3 10 0 3 -2 -9 -7 15
-4 25 31 2 4 6 7 -11
-6 -15 -13 -9 -11 -15 -13 -1
-11 1 0 6 4 14 11 -22
-5 -12 -1 -8 -8 -13 -29 -13
5 -8 -7 6 13 22 14 3
6 7 21 -2 -4 -8 -2 2
-21 -37 -23 -7 -6 -6 -15 -15
0 -22 -23 -3 -5 -10 -2 35
-6 25 8 -3 -2 1 -3 -12
-16 -44 -11 0 6 -2 -9 -1
3 -14 -7 -4 -4 0 6 -3
-5 5 13 2 2 9 -4 -5
13 8 -11 0 0 -2 -5 -5
-4 -8 -7 -10 4 9 19 9
19 -1 21 -1 -3 -3 -6 3
-14 1 -12 -6 -8 -7 0 -42
-3 -19 -21 4 -3 -14 -6 -5
6 11 8 6 3 7 -9 9
0 26 9 8 3 -3 -5 -12
20 22 7 -3 0 -3 9 32
-13 -17 -20 -2 -3 4 2 11
-4 -4 -17 -4 -8 -7 -9 -23
-12 -13 -1 -5 -2 1 11 36
0 -4 12 1 0 0 -17 -3
16 34 23 4 -3 -17 3 -2
13 16 -2 -4 -5 -1 2 12
-23 -36 -23 -10 -3 7 1 -9
6 -2 9 2 7 13 6 -6
0 -39 -29 -8 -4 -4 3 7
13 21 5 8 -1 -10 3 -5
-2 27 4 -7 1 9 -12 -5
-23 -24 7 3 0 -9 22 -27
40 62 13 9 6 2 -18 49
-12 -33 -9 -2 -2 0 -8 -12
-19 -3 18 3 -2 -7 -4 -3
1 22 -12 -4 -3 0 -4 31
-16 -10 9 -6 -3 -3 -4 -26
18 -3 -4 3 2 1 19 3
-4 -11 1 -2 0 2 7 29
0 -12 20 5 2 0 -8 -29
-9 -17 -18 -10 -6 4 13 1
-5 -3 -28 -12 -5 -4 -15 -8
9 8 16 10 4 -5 2 0
-10 0 2 -2 -7 -7 -3 7
-14 -54 -28 -4 6 16 -1 -15
7 34 15 -3 1 11 -7 -6
-10 -31 -18 0 0 -3 -6 8
4 0 -5 7 5 -1 -13 -15
-8 20 23 4 -3 -2 2 19
-9 -15 14 -4 -8 -9 -17 -26
14 29 -3 -2 -4 -3 6 23
10 -29 -36 -7 1 2 2 -9
-6 1 18 3 -5 -15 -13 -29
-4 -24 -39 -5 1 1 11 3
-16 -4 25 -6 -7 -4 -2 -5
7 3 -13 -7 -3 -1 -2 8
-3 3 36 11 1 -3 10 -14
12 50 7 4 3 -2 4 18
-12 -54 -38 -8 3 1 -3 -30
-11 -12 15 1 0 5 -8 13
0 -19 -10 -5 -6 -9 5 -5
15 55 15 1 8 21 -5 14
7 -11 13 6 -2 -9 -5 -7
-19 18 -3 -1 2 8 -9 -34
-12 -8 -18 -6 -5 -12 11 21
-6 -15 4 4 3 6 6 0
-5 -12 11 -10 -5 -6 -4 -9
1 7 5 0 -2 4 -14 -2
9 33 9 -3 -4 -6 -19 -27
-11 -2 -18 -7 -9 -12 12 17
9 24 2 5 4 3 -1 -3
2 2 25 2 -2 0 6 13
-18 -19 -19 4 6 7 -7 -15
-10 -60 -12 -10 -8 -13 10 8
1 35 -14 -1 -3 -1 -8 -36
1 0 5 5 1 -19 -1 6
-1 -25 -8 -4 0 18 -9 41
2 4 19 7 3 0 5 -7
1 48 31 -1 -5 1 -6 3
-18 -59 -59 -10 -4 -10 6 -5
7 18 16 3 6 2 -8 -10
-23 -14 -12 -8 -7 -7 3 -11
5 13 3 5 -1 3 -6 15
17 41 18 0 -4 -1 1 13
9 -3 -14 2 -2 0 29 8
-20 -12 12 3 4 -2 -36 -17
16 34 9 3 5 6 2 -1
-3 -18 -27 -4 -5 0 10 10
-8 -5 -9 -5 -5 -7 3 -6
11 16 6 -2 2 9 8 -1
-11 -25 -12 -3 -6 -3 -3 -5
12 34 2 -5 -5 -3 -6 10
-24 -1 5 3 6 7 -3 -2
12 10 22 6 -1 -10 8 10
-1 7 6 0 2 11 5 -4
17 -16 -27 -5 -2 2 9 11
-17 -7 15 -5 -7 -10 -19 -42
14 0 -14 -2 3 4 -2 -1
-25 -40 -34 -7 -7 -15 -2 -4
15 53 54 10 3 -1 -4 -4
-8 -2 22 4 0 2 -8 -18
-3 -20 -43 -15 -8 -4 -11 1
-2 8 -15 2 -3 -4 2 -4
-5 -16 -9 4 10 2 -2 -8
25 49 31 2 -2 -6 -4 4
9 -51 -17 -3 -1 12 26 30
-27 -5 -7 -3 0 3 -24 -10
-4 -37 -25 -5 -3 2 6 24
7 42 25 4 1 -6 -5 0
1 -21 0 3 3 -2 11 -5
11 16 1 0 8 14 -10 -12
22 28 3 -3 1 1 12 43
-10 -50 -21 -12 -6 -3 -7 -26
-3 30 15 4 -9 -13 -18 -11
23 29 3 7 5 4 13 10
-14 -12 6 0 3 2 -13 -22
6 -11 -14 -3 -3 2 13 12
-1 27 11 -2 1 -1 0 1
-9 -25 9 6 -3 -7 0 -13
-30 -27 -12 -11 -8 -5 -8 -25
-1 -17 -42 -10 -5 -2 2 20
-5 -1 19 4 -3 -2 11 25
14 -5 -26 -6 1 -2 12 -4
-15 12 27 -2 -4 4 -9 8
-2 -8 5 6 1 2 -17 14
1 4 -27 -13 -4 -13 -10 1
-2 -26 0 -4 -2 0 14 19
-8 0 -21 0 3 0 -4 -24
-6 -25 -15 -6 -5 -2 -5 -1
1 9 16 7 2 -1 -8 -8
5 6 7 -2 -3 -7 7 6
5 16 17 3 -4 -13 0 -8
-8 -26 -22 -10 -4 1 -5 26
-9 -8 -23 -8 -4 4 13 -15
-9 -26 14 2 -2 -1 -9 -7
2 13 12 -4 -1 -2 -5 1
17 31 -1 11 7 1 12 -4
-18 -39 -15 -2 -2 -5 -8 -13
-2 34 25 -1 -3 0 -7 -6
5 -17 -11 -2 -4 -6 4 11
-3 -26 -27 -8 -3 -2 -12 -12
-25 28 20 -2 -2 -2 8 -7
-7 -14 -10 -5 -2 0 2 -2
-4 -9 0 2 -1 2 -7 -17
13 37 21 4 -2 -7 7 -11
12 9 2 5 1 7 2 12
-5 18 6 -2 2 -4 -7 8
1 -47 12 3 7 11 28 10
-21 -36 -52 -6 -6 -9 -3 0
1 -19 15 0 -8 -7 -9 -45
9 38 -15 -16 -11 -14 -10 25
-4 -4 -9 -4 3 21 -5 13
1 28 17 7 8 3 5 4
4 -9 6 2 0 -2 -4 4
