-21 3 3 -2 -1 -2 -6 -20
7 12 29 6 3 4 -3 24
-12 -48 -30 -9 -7 -5 -11 -18
3 33 11 4 1 10 11 -21
2 -28 -23 -6 -7 -9 2 -18
-3 -3 2 4 2 0 7 -3
5 3 -5 -4 -5 -4 -18 -21
-7 -21 2 -3 -2 -2 -11 21
32 40 20 7 10 18 7 36
-32 -22 -25 -11 -14 -18 -4 -80
-15 22 31 6 7 5 16 35
-18 -62 -17 -9 -10 -8 -7 -40
-14 -20 -13 -2 -5 -7 -30 1
10 -3 -7 -3 -3 -1 -7 35
-14 26 9 6 12 12 3 -10
17 106 22 8 0 -6 27 -4
-6 0 -1 4 19 37 5 6
-13 -4 1 2 1 1 -1 -18
17 34 9 4 4 -5 -3 13
26 27 -5 -4 -1 -11 -21 30
-12 -86 -6 -4 -8 -13 -1 -18
7 -15 -21 -2 2 4 7 13
17 27 43 5 0 4 -3 -23
-35 -62 -39 -10 -8 -11 4 13
4 -15 0 -3 -11 -19 -39 -7
4 -4 5 -1 -1 -2 -9 -4
-10 -61 -33 -3 0 4 24 15
9 67 26 -1 1 5 -1 -33
2 3 6 0 0 2 10 17
12 47 10 3 0 -5 -9 2
-10 -5 -5 -1 1 -3 -4 -19
2 -4 5 2 1 5 1 11
5 8 -4 -4 -2 0 -5 -19
15 31 8 3 6 5 1 0
-9 -31 10 3 1 0 -10 18
5 -76 -4 -4 -5 -10 2 -8
-11 -14 -8 4 -2 5 -3 -69
8 -10 5 -5 -6 -10 5 19
-11 7 1 4 4 1 -9 -25
3 24 4 -2 1 -4 -21 -12
25 90 32 9 6 4 22 66
-34 -101 -27 -11 -6 -3 -11 -39
3 12 1 0 -4 0 2 -9
-12 30 2 0 1 -2 18 -7
9 -21 -2 -1 1 -8 -18 -17
-17 -15 -22 -7 -7 0 -5 49
11 4 -5 -4 -6 -5 -1 -4
-7 -11 -9 0 3 13 1 11
-8 9 28 5 3 9 6 4
3 -35 -25 -1 5 2 2 0
-38 -38 -11 -5 -5 -4 -17 -42
9 28 -14 -3 3 4 25 32
-1 -41 -16 -3 -4 -5 1 -1
6 36 25 0 -5 -3 -8 -20
23 38 18 6 3 -4 1 18
-11 45 -20 -9 -8 -10 -10 -9
0 2 4 -1 -1 -5 -7 -5
0 -17 4 -2 -4 -2 -6 -15
20 -26 -10 2 0 3 -10 -4
-36 16 8 -6 -8 -4 -3 -22
-4 -121 -37 -9 -4 -5 -22 2
-24 1 11 3 0 -2 10 -27
-7 56 14 -3 -3 -4 -11 6
-5 -64 -6 -2 -2 -7 -9 -17
-16 -79 -15 -9 -6 -3 -16 2
-1 -14 -5 3 3 2 -20 -9
-30 -7 -5 -6 -4 -2 3 -27
31 45 26 10 4 7 9 47
-18 22 -9 -2 1 -2 8 14
9 -47 -9 -4 -7 -5 -8 -53
11 11 -6 1 1 6 12 24
-13 12 4 1 1 -9 -1 -5
-17 28 6 0 2 2 -1 -19
-11 -25 -5 -1 1 0 24 34
10 -13 -10 -2 -3 8 3 49
14 1 -1 4 -5 -3 19 8
8 72 16 -2 -4 -8 -4 2
14 31 4 0 -1 -5 14 10
3 74 21 7 10 5 -2 -18
-9 -63 -8 -4 0 -1 4 -3
6 30 -19 -3 -3 -5 -4 15
-26 13 2 0 0 0 -22 5
13 16 16 6 1 3 6 -16
-17 10 -23 -10 -7 -14 5 -10
-33 -78 -21 -10 -9 -5 -40 -40
0 70 5 5 5 9 81 33
17 -46 3 -7 -2 -2 -20 5
-10 -22 12 7 3 6 2 31
2 29 -3 -4 -2 -5 1 -34
2 5 0 -3 -4 -4 -9 24
-5 61 -6 0 9 8 5 18
-16 -49 -24 -9 -8 -6 -8 -38
-1 46 23 7 5 6 17 40
36 56 34 8 3 9 -13 -46
-27 -67 -63 -17 -17 -21 -3 -26
20 -2 18 6 4 9 -23 -3
-36 -12 -23 -13 -11 -17 1 -56
-19 42 20 4 3 -12 -38 14
14 -4 13 4 1 7 57 55
7 -4 -6 -2 2 16 4 5
0 -44 5 -3 -7 -2 -1 36
-4 -37 -19 1 7 11 56 31
-9 24 25 3 -4 -10 -20 -21
-12 -69 -47 -9 -9 -12 -25 -24
-30 20 42 14 13 20 35 7
38 -10 -15 -3 -7 -6 -6 28
8 -76 -18 -6 -3 -5 20 3
6 48 17 0 -2 -7 -7 10
-7 -20 -20 2 4 -1 26 10
-15 -75 -30 -12 -7 0 -32 -10
10 26 6 0 -1 -2 -7 3
9 15 4 -3 -2 -9 -38 -38
12 -14 -15 -1 1 1 6 -4
-10 -10 7 -2 -3 4 1 -20
7 46 20 7 8 4 -7 -6
-22 46 23 8 4 9 -17 -2
54 28 2 5 2 -5 21 9
-38 -84 -30 -14 -11 -10 -24 -40
-8 -33 12 1 3 0 -22 5
13 -24 3 3 -1 -3 11 18
-1 -20 2 0 -5 1 -13 -33
2 36 -9 -1 15 20 31 20
-15 9 -12 -5 -4 -4 -3 1
2 -22 9 -4 -1 1 -1 -7
-11 -15 -14 -7 -8 -9 -37 -27
-17 -11 6 3 -1 -7 -6 12
-17 -50 -27 -10 -8 -4 13 -6
-6 41 12 5 1 0 7 26
9 -4 -8 -3 -1 4 -8 3
6 28 18 1 1 -4 -8 -9
-5 -20 -9 -4 -5 -2 -4 -12
4 58 11 7 4 6 14 12
-15 -50 -4 -5 -2 -4 4 -48
15 81 18 3 1 3 -5 49
8 -2 -4 0 -3 -5 2 -35
10 9 -3 0 3 3 14 22
7 127 43 4 4 6 -7 26
-16 -43 -29 -10 -11 -5 44 0
-22 46 14 -3 -1 -1 -21 -8
18 41 8 3 -2 2 -6 10
-10 -4 -13 2 3 -6 -5 0
-17 -46 -10 -8 -10 -13 -15 -30
-3 51 0 -2 0 8 19 46
-24 -73 -16 -7 -1 -11 -14 -3
14 37 0 -9 -6 -1 -3 41
-7 31 9 12 6 -2 -19 -46
50 66 41 7 -1 -1 29 -1
20 -23 -22 -7 -7 -3 -8 -20
-27 -44 -7 -4 -5 -8 -7 8
23 54 12 3 3 2 1 11
13 -29 -21 -14 -11 -11 -35 -19
0 -17 -7 -1 1 0 23 -16
10 -3 -4 3 4 7 2 20
-4 -21 -7 -6 -4 2 4 35
-11 -32 -28 -3 -1 -10 14 -34
1 -18 21 -5 -9 -19 -25 13
-23 -17 -12 -2 3 15 3 19
-3 72 14 -4 -7 -9 -2 23
-21 -110 -24 -5 -2 2 -2 8
-23 -17 -29 -7 -4 -4 5 -23
9 33 20 7 -1 -6 -1 -31
-12 -29 2 -2 -3 4 6 9
-30 3 -3 -2 -1 -7 -32 -10
-11 48 1 -1 1 6 -3 -22
9 -12 -7 -8 -9 -11 -8 14
6 37 2 0 0 1 8 -13
-10 -43 -8 -3 -1 1 -35 4
20 -13 -19 -1 -1 0 0 7
2 49 0 0 1 -1 1 -26
9 38 25 7 3 -2 -29 -24
5 26 14 7 2 5 23 5
-11 -59 -22 -5 -1 -2 -27 12
-7 -117 -8 -7 -7 -11 1 -2
27 10 -1 0 3 2 -9 -24
-5 -5 -5 -4 -6 -5 -16 -23
-17 26 10 1 -2 -2 43 11
-7 27 -3 1 4 18 9 21
31 4 10 2 2 -5 -22 9
7 27 4 1 -1 0 18 16
-21 9 4 -4 -3 -14 8 -16
24 -12 -8 2 1 5 -16 -51
-37 -98 -30 -6 2 16 8 3
14 50 9 3 1 1 5 9
5 7 2 -6 -7 -1 -9 -14
-17 -38 7 5 1 -8 0 25
14 -12 -7 1 -1 -6 -11 -26
-1 -27 3 0 -1 -3 1 2
-11 -30 3 -2 1 3 -7 -24
18 102 32 2 2 0 4 67
-20 -117 -63 -13 -10 -6 -11 -34
14 36 9 4 3 1 -13 2
12 115 13 3 3 4 25 2
-46 -77 -1 1 3 -7 -26 16
43 68 46 4 -4 -6 31 -6
-1 -19 -14 -5 -3 2 -9 11
-15 -17 -2 1 -1 -1 -21 14
3 -15 -17 -3 -2 -6 7 -25
-12 0 -1 1 0 3 -5 14
-2 2 1 -1 3 5 17 -25
14 -5 9 2 4 3 -2 27
-3 18 -8 -4 0 5 22 0
-6 -19 -3 -6 -7 -13 -6 -1
2 3 23 6 4 5 -6 11
-10 19 -19 1 -2 -3 -4 -12
13 17 -9 -4 -5 -8 -23 -12
11 8 -2 -5 -1 -2 -1 -12
-22 6 10 -2 -2 1 25 18
32 0 4 0 2 2 5 5
-11 26 5 0 2 1 0 -58
3 59 -4 0 1 3 -6 58
-17 -10 -11 -5 -5 -6 40 -48
7 24 35 10 7 7 -12 -1
18 7 -11 -6 -7 0 -11 25
-11 7 9 4 0 -10 -11 -19
-5 42 -1 -3 -1 4 16 33
-1 -11 5 0 -2 -8 -40 -12
0 8 1 0 -1 -2 -11 -25
5 -21 -7 0 1 6 -6 -11
-2 -9 -10 -2 0 -6 -15 14
7 3 3 -4 -5 0 4 31
13 -55 -27 -4 2 11 18 -35
-14 -19 22 -3 -5 -22 1 64
-17 -70 -24 -8 -6 0 -8 3
-8 2 -8 -2 0 -3 9 -21
7 29 7 2 2 7 5 -4
-10 31 2 2 0 3 2 -7
11 4 17 2 2 -5 -14 -14
18 44 -9 -2 -3 -5 6 -6
-24 -51 -7 -4 -4 -8 0 30
-22 -3 -1 -4 -5 8 2 -36
35 56 17 9 6 6 4 27
-22 -56 -22 -11 -8 -1 -7 -7
1 30 8 4 0 -6 1 11
1 2 -4 1 5 0 5 22
-19 -61 -21 -7 -8 -6 -21 -5
-18 2 6 -2 3 8 5 -11
-24 -21 -13 -4 -9 -19 -15 -56
-13 -27 -8 -4 1 2 3 3
-2 -46 -9 -2 -7 -15 -36 -16
-12 15 -1 -1 4 5 -33 -18
9 72 19 -1 -2 -1 -15 49
2 16 -14 -3 -1 -4 -18 -23
-20 36 19 2 1 1 7 -9
-4 -35 -22 -3 1 5 12 -14
19 27 32 10 3 7 12 20
13 -16 -4 2 1 4 0 -13
-3 15 12 1 3 1 -10 -14
6 8 12 3 0 6 15 20
-18 -62 -19 -10 -8 -15 7 6
-7 43 10 -1 -1 -1 25 -37
8 47 12 4 4 5 -12 13
-27 -102 -51 -11 -10 -15 -1 -56
-14 33 -10 -2 -2 1 -15 1
36 18 5 5 11 17 4 30
-10 -28 -7 -4 -5 -6 5 -13
14 35 16 4 -4 -6 11 -14
21 20 8 -2 3 5 4 29
-28 -27 -2 -2 -4 -7 1 -8
26 44 -1 3 3 4 8 18
25 -30 9 -3 -6 -6 -4 14
-5 4 -1 1 -4 -7 3 -26
3 12 4 -1 0 5 7 -18
13 -3 -9 -3 -3 -10 -5 35
-32 24 -1 2 0 -2 5 -15
11 -29 -4 -6 -6 -1 15 15
1 -2 10 2 3 10 -26 -12
4 13 -21 -4 1 4 32 13
1 10 -2 -1 -2 -4 -10 -18
25 22 -1 2 5 5 3 27
-12 7 -13 -5 -8 -11 -1 -5
-29 -87 -12 -6 -6 -2 -16 -27
10 53 25 8 13 13 13 24
7 21 20 10 8 8 3 -13
24 14 -4 -1 -7 -6 -3 34
-19 18 -9 -4 -5 -7 7 -25
7 -3 10 -1 -4 -2 -8 22
10 28 -3 3 3 2 -10 -10
-18 -19 8 -2 2 6 15 3
1 4 -14 -1 -2 0 -10 1
7 2 -5 -1 -2 -5 -7 -4
9 26 0 -9 -7 -4 7 23
1 -12 -8 0 -4 -8 -12 19
-7 7 5 -1 -1 -1 -3 -28
-5 15 -6 -7 -4 -3 -2 13
-20 -22 -6 -3 1 8 17 29
-22 -60 -15 -9 -9 -26 -7 -23
29 -3 7 3 1 3 19 48
-22 -14 -10 -5 -3 0 -13 -50
-1 9 -1 -3 -10 -10 21 51
17 4 14 8 11 14 0 10
-10 42 -5 -5 -6 -11 -11 -38
2 -39 2 1 -3 -4 12 -6
-20 -42 -23 -11 2 11 -3 -19
-10 -18 -6 3 -2 0 2 11
3 -3 10 0 2 0 -25 15
-3 13 6 2 3 2 21 1
-12 -33 -4 2 2 1 -33 -67
-4 17 -3 -5 -6 -8 -20 -5
-12 -23 -18 -2 0 -2 6 -15
-18 -69 -31 -11 -6 -7 -17 14
11 28 14 3 -2 -5 -3 4
-9 5 3 -2 -3 4 23 -24
-2 16 12 2 0 2 -29 -6
13 69 3 1 -1 -4 -2 25
8 25 -1 2 2 5 9 -15
-1 -35 -26 -13 -9 -14 -24 19
9 5 1 0 -1 3 22 14
10 -4 17 4 3 -4 0 22
-17 -28 -15 -6 2 8 -19 -35
-1 34 13 9 4 5 6 14
16 11 8 -1 -2 3 3 11
-26 -38 -14 -2 -4 -2 0 -8
15 27 20 4 -3 -8 0 -29
-2 -12 -28 -6 -1 -2 18 33
7 -49 -11 -4 1 3 4 4
-11 -51 -33 -11 -7 -3 11 -41
-18 -5 -2 -4 -7 -11 2 16
-3 19 1 -1 -4 -7 -25 -43
6 13 1 -1 4 9 -4 38
5 36 -2 1 -1 1 26 34
2 -16 21 5 4 4 0 20
7 25 4 -1 1 6 5 -12
-18 -27 -11 -4 -7 -17 -10 -25
14 59 28 6 3 5 -3 8
8 -60 -22 -7 -7 -13 9 29
13 22 12 5 1 12 -14 -24
-12 17 15 2 1 -1 -3 -13
-17 -44 -4 -4 -2 2 -11 6
3 20 -2 -5 -6 -8 -1 1
0 -4 -7 -3 -1 -4 24 1
-9 -51 -33 -9 -1 5 9 -22
17 63 24 6 -2 -2 -3 18
-23 33 -4 -2 2 -1 -7 -21
-15 -42 -22 -5 -3 -2 -4 -4
5 42 23 5 -1 -2 -4 12
-2 -5 1 1 -2 -1 3 -2
-24 -18 -5 -1 4 -5 -11 -1
16 -1 11 3 3 7 -5 1
18 19 -15 -8 -7 -5 -3 0
9 -10 -11 0 1 -3 -5 12
26 37 27 4 0 1 26 11
-14 -50 -16 -9 0 -12 -19 -20
-9 49 24 4 -3 -2 13 -13
15 13 -13 1 1 13 -6 41
-11 -28 5 -4 -4 -4 -9 -21
-19 -3 -14 -11 -7 -9 23 38
16 -19 -10 -2 2 1 12 -34
11 1 17 0 -1 1 -2 -13
-13 20 -11 1 -3 -10 -7 -10
6 15 14 -1 -3 4 -15 -34
-1 -42 -13 -4 -7 -12 -5 74
-18 -7 4 2 2 4 6 -6
10 -11 -9 -1 -1 -2 7 -30
14 24 18 5 0 1 9 13
-17 21 -1 -3 10 19 -6 -7
5 -1 -10 1 0 -1 -1 -22
-28 -64 -10 -5 -8 -3 4 -5
4 11 -1 2 -2 -3 6 7
-28 -49 -26 -6 -11 -7 -24 -47
6 61 22 2 0 0 -20 -17
-15 -47 -20 -7 -5 -14 -12 -22
2 28 4 2 1 2 -23 -7
-3 -18 5 -5 -5 -3 4 -3
20 61 17 5 6 1 9 7
-3 -55 -16 -8 -5 3 21 28
15 37 8 10 6 4 -12 7
8 57 -4 1 -2 -7 -27 -17
-4 -9 4 -3 -1 -5 -12 -29
21 81 32 10 4 4 6 50
-10 -64 -10 -2 -2 -3 -8 -29
-14 -28 0 -5 -3 6 15 -2
5 -59 -23 0 3 -2 17 25
-10 -6 8 -2 -2 0 -24 -20
-32 -23 -2 -7 -4 -16 -5 -51
-7 1 13 5 3 13 19 15
-33 -18 -12 -10 -4 3 -17 -30
9 20 -13 1 -2 -1 13 3
6 3 9 6 5 7 5 36
10 -24 -1 -2 -8 -14 -12 -14
-27 -52 -8 -4 -6 -8 -18 1
16 -20 2 1 0 5 -10 -1
-2 37 -1 -3 -4 -3 2 -5
0 4 -3 3 2 -6 -7 -10
-9 -44 -14 -4 -2 1 16 24
-1 50 2 -3 1 1 -3 -3
5 -2 1 -2 -2 4 -9 -4
6 -4 6 -4 -1 2 -8 -8
-14 -25 -32 -6 -5 -12 -4 -5
-9 10 9 3 5 6 6 4
1 24 -1 -2 1 0 -19 -6
16 19 9 2 -2 1 46 -9
8 72 35 8 2 9 -9 1
-5 -45 -28 -6 -5 -16 5 4
-8 -38 -31 -5 9 25 13 6
-1 33 6 4 1 -2 -6 22
2 35 7 -3 -2 -5 4 23
-5 -14 13 2 2 3 -9 3
-23 -47 -7 -4 -4 -11 -6 -10
-2 -2 -7 -2 2 -7 -3 28
-18 -58 -19 -11 -6 -6 19 -26
20 39 7 6 2 6 -51 12
-7 47 17 2 -1 1 7 -3
11 14 -7 -2 -2 0 -14 38
11 38 -5 3 2 0 -15 14
-7 52 17 0 0 -2 9 -23
4 10 -9 -1 -3 2 19 23
-7 44 1 -7 -7 -12 -15 -47
11 -11 6 -1 -2 -2 0 4
1 15 5 1 0 9 -4 -9
11 -26 -15 0 1 -13 5 1
-4 -47 -9 -6 -5 0 10 17
-7 12 11 3 -1 3 -7 3
-10 -19 -5 -2 1 -4 10 -38
-7 5 16 -1 -2 8 4 14
5 14 11 5 5 0 -4 -37
-10 -81 -20 -7 -3 0 7 26
-13 -26 -12 -5 -4 -2 2 -6
17 43 8 4 3 5 1 12
4 -11 -6 1 2 3 14 -9
9 64 28 4 0 -8 -11 -40
12 8 -8 -3 -2 0 2 45
-20 -80 -45 -20 -17 -21 3 0
0 8 -7 3 3 7 -1 -42
16 68 28 3 0 -5 6 3
3 -34 -19 -6 -7 -2 5 -4
14 39 28 8 2 2 -15 12
-14 -74 -23 -3 -2 -9 23 29
5 11 19 -2 4 13 -8 -15
-10 37 -13 -6 -2 -4 -11 -31
-2 23 8 0 -6 -8 -2 -3
-27 -56 -20 -5 5 11 -21 -18
-1 8 -13 -4 -5 -1 30 -26
-6 46 23 3 7 8 -38 14
10 -46 -9 1 2 -7 -4 -16
15 9 9 4 0 -1 2 11
1 -30 -7 -2 -2 -4 5 1
25 40 10 6 3 5 8 5
-23 -56 -31 -12 -8 -3 10 -25
-6 10 14 5 -1 -5 -13 9
-10 -15 -10 2 6 4 -13 14
17 33 11 1 0 -7 26 12
-10 -12 -3 -2 -6 -6 -22 -20
-10 8 4 -2 1 3 24 19
14 47 7 6 3 7 -29 11
-5 -45 -17 -4 -5 -15 4 -13
3 70 30 7 5 3 -5 17
-10 -39 -14 -6 -5 -4 26 12
10 51 16 6 1 -3 -7 -26
19 6 4 -2 -5 -3 -6 18
16 27 -13 1 1 1 5 10
14 77 28 3 6 8 -9 35
-9 -71 -19 -4 1 -3 -16 -21
-27 -57 -21 -8 -9 -5 16 6
-2 29 16 2 3 5 0 8
4 53 13 4 3 1 -17 -12
-8 -89 -25 -8 -6 -2 8 13
-2 18 0 -3 -2 -6 10 3
-12 -8 14 1 1 1 9 20
16 6 -23 -3 1 1 3 -21
7 10 23 3 -2 3 -7 1
-5 -28 -5 2 1 2 -6 -17
-11 -13 -13 -4 -4 -5 4 4
-9 20 -10 -1 -2 -1 -2 21
-2 5 -1 -5 -2 -6 6 -13
-5 -3 -10 0 0 5 -7 -4
-2 33 12 0 -4 -2 -1 -21
-6 -1 24 2 5 10 -14 81
3 -9 -22 -2 -7 -14 -4 11
-19 -6 4 -1 10 7 -12 5
-1 -36 -8 -1 0 -1 4 -7
7 33 13 0 -13 -22 1 2
-20 27 -1 5 11 18 13 -1
-11 -10 -2 -4 -7 -3 4 -8
-2 15 7 0 3 2 -7 4
-2 -20 11 6 0 -2 -27 -64
-12 -57 -23 -12 -13 -14 28 10
6 -37 -4 3 3 0 -24 -21
-19 18 6 3 0 -16 28 15
-16 -26 -7 -5 -5 8 -21 -34
-3 -2 -4 -1 0 1 0 -1
-19 -33 -3 -3 -2 -3 -18 -5
-5 -44 -15 -5 -5 -6 -12 -12
1 -9 -3 -6 -1 -5 14 20
-16 6 -13 -7 -7 -3 2 5
-8 -59 -23 -8 -3 2 -5 -10
1 -1 0 1 -2 -1 -25 -10
20 21 3 0 -3 -6 7 6
-4 41 2 -1 4 3 0 -9
17 61 28 6 -3 -1 6 17
-4 -37 -19 -9 -5 7 -10 -18
1 4 0 3 1 -10 21 22
7 17 10 -8 -8 -10 -15 -14
21 29 -14 -2 -4 -4 10 19
25 15 12 2 3 8 17 12
-8 29 -6 -8 -4 0 2 -22
-16 -88 -14 -6 -6 -9 -32 -60
4 16 10 3 4 -6 5 50
-8 -13 -34 -16 -13 -10 -12 -20
4 -1 9 4 0 -6 -16 -16
-5 11 -4 -2 -4 4 15 21
-5 -10 5 -1 -3 -1 -9 -38
-25 -39 -8 -3 7 12 0 23
-6 -35 -7 4 1 -4 -2 -8
28 72 23 5 1 -4 -2 31
10 -19 -3 0 -2 -2 2 -10
24 23 -10 0 2 7 22 28
-10 -54 -23 -9 -6 -5 -14 -10
10 28 19 5 0 -5 -16 2
-13 12 -5 -3 -1 8 -2 -37
24 55 34 11 7 2 3 16
-11 -16 -8 -2 -1 4 5 -6
3 -15 -1 0 -5 -8 -7 -14
-1 17 -6 -1 4 7 10 -9
8 18 26 -2 -4 -1 -9 25
-11 6 13 -1 -5 -13 -22 -60
-21 -64 -30 -3 1 5 0 46
-9 59 18 6 5 4 30 -17
21 -11 -19 -6 -7 -8 -29 13
1 43 7 -4 -3 -1 -8 16
7 -3 -7 -1 4 3 2 -15
-4 6 3 0 -5 -2 24 14
-2 41 19 6 6 2 -6 1
-22 -88 -14 -5 -2 -1 7 -4
-4 -20 -5 -3 -4 -4 -10 -7
-2 -24 -17 -8 -4 -8 -38 6
-17 17 10 7 1 1 24 -5
-22 -54 -29 -11 -6 0 5 1
0 8 17 0 5 10 14 0
6 -20 -5 -2 -5 0 -13 4
5 22 -2 -3 -3 -5 3 -53
26 41 5 9 3 2 -1 24
-19 11 4 -5 -1 -3 23 -13
-7 -24 12 0 -4 0 3 4
-17 -10 -19 -7 -4 -8 -22 -31
4 12 1 0 4 8 -8 2
26 59 40 8 8 10 -1 36
-7 -14 -4 1 -4 -11 -13 -38
-12 -30 -23 -3 -5 -6 44 26
26 17 4 3 3 2 -10 3
-5 21 -2 -1 -6 -3 -9 -12
5 18 -4 -2 -2 -4 -5 4
-1 -11 6 0 -2 0 -7 12
-29 51 -4 -3 -3 5 -3 7
-16 -87 -17 -7 -7 -6 17 -10
10 -13 -8 2 1 1 14 50
11 60 19 4 2 0 -16 -29
15 57 7 -1 1 0 11 22
-2 -5 -20 1 0 -6 -4 -14
13 32 11 3 3 10 6 17
-44 -46 -5 -6 -2 -17 -25 -81
20 14 -1 0 -3 -1 3 6
-32 -50 -14 -2 6 2 -12 14
-23 -54 -24 -6 -3 -4 -14 -24
18 31 29 9 2 4 11 16
1 6 -7 -4 -2 -4 8 -2
0 9 -7 -3 -5 -2 -7 -2
22 78 28 13 10 6 7 -25
14 -38 5 -5 -6 -4 -10 28
-20 8 0 4 10 14 25 7
20 28 -3 -1 -5 -5 -4 7
0 23 -3 -6 0 -11 2 31
8 -36 -21 -8 -10 -7 -15 11
-1 17 17 5 1 1 17 -11
4 24 14 8 3 2 -13 -18
-11 -46 -4 2 4 12 9 17
0 -35 -9 -7 -6 -3 -16 -33
-21 -91 -4 -4 -7 -9 -18 -20
7 -33 -42 -8 -2 -1 19 -9
14 30 -1 0 -2 -1 -15 -21
-16 -4 -16 -7 -6 -4 7 -51
1 55 24 7 4 -2 -10 23
14 -2 -12 -10 -13 -13 5 17
-15 -19 -6 -5 -7 -4 -33 -2
13 27 -3 2 4 7 1 22
2 15 6 -3 -4 -13 -6 -11
22 -4 22 6 8 18 14 3
-28 -68 -31 -13 -13 -9 -11 -7
9 -30 9 7 0 -14 -2 17
-24 -37 -35 -18 -13 0 -9 -49
-28 -1 4 -3 -5 -10 -14 -27
-4 7 -4 -2 4 7 1 -6
-6 -14 -8 -1 -2 4 24 21
8 43 11 -5 -3 -4 -7 4
-19 -55 -10 2 2 -2 -3 -3
17 30 -4 -5 -3 -2 17 -6
4 29 11 13 9 6 -11 14
24 51 14 2 -2 -2 13 13
-26 -41 -40 -11 -6 -5 -20 -26
-5 81 30 2 -3 -7 -13 8
12 -27 -9 -2 4 9 3 12
-8 -33 -6 -2 -4 -7 -7 15
11 -8 9 -4 -4 -7 4 -31
6 -10 6 8 11 8 17 18
10 82 -7 -3 -4 0 -23 -26
18 -12 25 9 5 8 14 26
20 65 -3 1 -5 -7 -12 8
10 11 8 0 -2 0 10 12
-13 -35 2 -4 1 -2 -15 4
13 -46 -17 2 2 6 40 1
-1 33 16 3 2 -16 8 2
4 -6 -3 -2 -3 -1 -16 32
3 -20 0 1 1 7 10 20
-3 -15 -33 -9 -4 -5 -28 -24
28 37 21 4 1 4 19 12
-16 -24 5 1 -5 -12 -24 -75
-7 98 26 4 2 2 16 22
-1 -23 -6 1 0 -2 -22 -1
-13 -48 -8 4 0 7 1 -5
-30 -59 -31 -9 -2 -4 13 10
13 40 28 4 -1 2 -6 -12
4 -6 -6 -5 -2 1 0 -17
-5 35 18 5 4 -1 -4 68
7 -12 1 1 6 9 -37 -64
-14 -31 -10 -4 -4 -4 9 -9
-3 1 -9 -2 -2 -3 7 -2
-9 64 13 -3 -1 2 4 24
5 11 13 4 -3 -4 -10 4
-6 -38 -22 -7 0 -5 -5 23
-3 -7 0 1 1 3 -6 -13
25 54 18 7 7 9 2 3
13 -16 -11 -4 -6 -13 28 -3
-2 14 3 0 -2 10 -3 1
-15 -4 2 -1 -1 -5 -24 -11
10 67 22 5 6 5 20 16
-20 -91 -47 -11 -6 -4 1 11
3 -47 -16 -6 -6 -10 -18 -16
14 7 -1 -6 -4 4 13 20
-13 -18 -16 -1 0 -4 1 -49
14 41 38 6 3 1 -9 21
12 -43 -28 -6 -8 -7 5 -32
-3 -31 -3 2 2 3 20 28
-11 -24 0 -7 -8 -6 -15 -12
13 32 5 2 4 1 22 15
9 15 16 10 8 10 10 27
-14 -19 8 -2 -5 -12 -2 -6
-2 -46 -20 -2 4 12 9 14
4 61 14 2 0 -6 -1 -12
12 48 11 0 1 15 22 5
-11 -18 -6 3 1 -17 -34 -4
-8 4 5 -1 -2 0 29 44
-15 -63 -35 -17 -12 -3 -8 -2
-15 -32 -15 -5 -2 -6 -15 -34
-17 48 18 4 -1 -5 5 -15
-3 -9 -2 2 -1 -1 -14 -33
-23 -43 -16 -5 -4 -3 3 6
-20 7 15 -3 -1 -5 1 -4
10 10 -29 -5 -5 -4 -27 14
-8 -26 23 4 3 -3 10 2
-1 20 -25 -2 -2 2 7 6
20 83 12 6 0 0 6 10
5 11 11 1 -2 6 -2 -19
-3 11 -10 -5 -1 8 -13 15
-2 31 27 3 -3 -14 -23 -37
-2 -42 -1 0 1 -2 2 -35
-10 -49 -12 -4 -6 0 16 64
-7 -30 11 4 0 3 5 -6
-15 -12 9 2 5 12 -18 -3
8 9 -1 1 -1 -7 -6 16
-1 -10 -6 -2 2 -7 4 -33
-11 3 -6 -2 0 11 -3 -5
-11 -4 12 -2 -3 -2 -2 18
-20 -60 -44 -14 -7 -16 1 -11
-8 18 7 -2 -5 0 1 -28
-27 -65 -5 -2 -3 -4 -13 26
22 49 -15 -2 -5 1 2 9
-4 91 26 7 3 3 -13 -7
4 -43 6 4 5 6 1 -10
2 -28 -19 -7 -1 -2 18 1
7 17 9 3 1 0 -10 47
-11 6 -5 -1 3 3 4 14
-3 38 -4 -2 -1 -2 12 11
-1 58 17 7 5 -2 12 -26
-4 -5 -6 -5 -7 -5 -2 -19
-21 -24 -7 -6 -4 -1 -5 9
-7 -10 -3 0 2 3 -10 -2
19 4 -5 -3 -5 0 -16 -19
3 43 13 -2 0 -10 -9 10
-16 -32 -16 -4 -6 -7 7 4
6 23 7 2 5 8 12 9
-6 -25 -11 -6 -3 -1 -31 -20
-11 -11 1 1 -2 -4 18 -18
12 9 21 2 0 0 -30 -21
7 16 3 2 -2 -8 12 18
16 99 -9 -1 -3 -3 -15 -27
-28 -86 0 -5 0 2 -13 -10
0 -65 -30 -6 -4 -4 14 -20
12 -27 -13 -4 -4 -2 -10 4
1 49 20 2 2 0 -14 -30
22 8 -15 5 3 2 14 12
-13 -8 15 0 0 -1 9 26
6 5 7 -3 0 2 -7 -4
-3 -12 -7 -3 0 0 7 9
2 6 1 0 0 2 0 -17
-5 23 4 1 1 -4 -1 9
-1 -32 -16 -4 1 1 -22 3
-8 -28 -5 -3 -6 -8 3 26
-17 16 12 2 4 2 3 -68
26 63 10 4 -1 -6 -3 22
9 -5 -4 -3 2 11 2 -22
-7 -39 -16 -7 -7 -16 6 9
-14 -43 -13 -4 -6 -3 -12 -2
9 46 10 3 1 4 7 22
-5 -5 11 -2 -8 -9 -3 -20
5 35 14 8 13 9 -13 -6
37 52 -3 5 -3 -5 9 16
-26 61 22 3 4 8 1 0
18 30 3 1 -2 -4 13 -9
5 -9 8 2 -5 -5 -3 11
-7 24 1 -3 0 1 -16 -5
38 7 -13 -7 0 1 29 27
-27 -29 15 8 7 5 -13 -22
-11 -17 -12 -6 -6 -10 -9 -14
-16 -85 -25 -8 -5 -4 4 -1
3 -10 -6 -4 -5 -1 -7 -4
-8 34 2 2 0 0 1 9
18 -2 -2 -1 -4 -2 5 -4
-5 13 3 1 2 5 -7 12
-14 -40 -3 -3 0 -10 -17 -20
-7 -29 -15 -2 0 -4 -3 20
4 41 3 -6 -8 -5 8 -12
-16 66 7 10 13 16 9 8
-36 -123 -36 -18 -10 -10 -22 -39
3 59 33 7 2 -4 0 39
-13 -69 -37 -11 -8 -10 -11 -4
0 24 6 1 4 7 28 5
-28 -31 -15 -2 -2 1 -18 -32
2 11 13 -2 -2 -3 0 -1
-12 -12 -5 0 2 4 -21 -7
29 67 32 9 7 1 24 21
12 34 1 0 1 6 27 -12
-21 -76 -31 -11 -7 -9 -29 -15
-6 50 25 2 0 -1 -9 -10
-1 -50 -33 -9 -4 1 9 -7
14 38 13 3 -4 3 8 22
28 57 8 5 5 5 19 66
-18 -63 -25 -13 -7 -7 -17 -46
3 -23 12 -1 -4 -6 3 -1
-17 -28 -24 -4 1 10 4 15
-16 3 -3 3 1 2 2 -35
-15 -1 21 6 -1 0 5 10
3 -24 -10 -3 -1 -1 -11 -14
-8 -54 -17 -10 -9 -20 5 35
6 87 28 8 6 10 9 12
13 -11 -11 -9 -8 -13 -18 -15
-5 -56 -25 -8 -10 -9 25 12
4 55 19 10 6 6 -6 -2
6 -28 -17 -7 -4 -2 -6 -10
-6 -22 -11 -4 3 2 10 17
5 6 8 -5 -7 -11 -13 -8
9 -7 1 4 3 12 -21 7
-12 -3 3 0 -4 -20 2 -22
-9 -30 -11 1 -2 -1 -10 -5
-17 -33 -12 -5 -3 -1 -17 -22
4 9 7 0 -2 -5 35 30
-45 -32 4 -4 0 11 -4 -25
14 -16 -1 3 1 -3 -5 15
6 38 18 5 -1 -4 -27 15
5 -10 10 0 2 4 6 -12
-15 -36 -43 -9 -6 -12 2 -31
8 23 2 -1 0 3 2 56
3 58 6 -1 -2 -2 19 12
10 22 21 6 -1 -2 -30 -30
20 42 27 5 5 -1 4 11
-3 47 3 1 2 10 7 -1
-5 2 -1 -1 -5 -5 11 2
16 44 6 6 4 6 -19 -32
31 13 2 -2 -5 -3 14 9
0 14 0 8 2 -2 3 11
1 6 34 -2 0 9 7 59
-11 -45 -25 -4 2 -5 -15 -31
-4 -15 -1 -1 0 2 -12 -22
3 59 8 -2 -1 -2 12 -18
9 -20 -12 6 3 10 -13 -13
-4 22 2 -3 -8 -11 -9 -9
1 -42 -22 -6 -2 -6 2 36
5 83 24 6 9 18 19 4
32 64 20 4 1 -3 -4 40
-22 -32 -21 -4 -3 2 -5 -45
5 13 -4 -4 -4 -1 -5 -21
-7 -60 -14 -9 -8 -13 3 -45
-23 -11 -13 -1 4 2 -9 -9
18 -13 -9 -5 -4 -2 9 -16
-20 -74 -11 -7 -8 -1 2 1
-2 -23 -2 -2 -2 -2 -14 5
-5 3 -20 -7 -5 -12 -9 -35
-9 20 2 -1 0 0 9 33
2 3 -5 0 1 5 -24 -25
-11 -17 -3 1 -1 -7 0 18
-1 -20 -3 -1 -2 0 16 8
15 69 18 2 -2 -6 32 46
-24 -31 -20 -14 -12 -5 -39 -36
10 4 0 -1 -1 -1 41 -38
-11 6 23 0 -4 2 -16 2
8 -94 -36 -7 -2 -5 -21 28
-14 -1 5 0 -5 -6 -2 -21
-10 -32 -29 -4 -4 2 -11 19
8 14 1 2 4 -3 6 -38
17 41 24 4 1 2 -2 13
-4 16 1 2 0 0 -3 -5
0 -10 4 0 1 6 -6 -1
-18 -41 -22 -4 0 2 -9 11
2 58 38 4 1 -2 -4 11
5 13 10 1 0 -3 20 46
14 20 -9 -4 -5 -8 15 6
-16 -1 -13 -2 -4 -3 -15 -9
-11 -62 -24 -3 1 -1 -1 -18
1 -59 -12 -6 -7 -8 3 15
1 -1 1 6 -2 2 0 -10
-10 5 18 0 -3 -16 10 2
-24 -75 -44 -14 -5 7 -9 -7
32 63 19 6 3 -5 5 -24
-4 -48 -8 -5 -2 -1 -20 21
18 -7 -7 -2 -2 -2 -9 -5
-14 13 21 0 -4 -5 -6 -17
0 -11 -10 1 2 3 3 1
-5 29 25 5 2 2 -10 0
-11 -41 -28 -11 -8 -1 16 -14
4 10 11 4 3 -1 -3 1
11 78 26 6 4 10 4 -12
-7 -32 -21 -5 -3 -7 -24 0
1 -39 -11 -2 -3 10 9 35
-11 34 15 2 -1 -8 5 -50
-18 -47 -26 -4 -1 -2 15 7
13 48 22 0 -2 2 -2 16
8 41 13 1 1 -6 -3 13
0 9 -10 -4 -4 4 -12 -9
-4 -40 -2 2 12 12 0 8
-3 -23 -9 -8 -9 -12 24 4
-19 12 1 -1 -2 -5 -21 -67
2 18 11 2 -2 2 11 35
-14 -11 -20 -5 -1 -9 -24 -34
6 46 15 3 3 1 -10 -7
-15 -46 -19 -7 -6 -4 -4 -2
5 -12 -9 1 2 0 2 -6
3 74 17 4 -1 -1 3 -6
-16 17 15 1 4 10 11 -9
-2 -78 -15 -2 -2 -4 -9 -4
-23 -36 -8 -4 -5 -6 20 -1
5 -31 -12 -5 -3 0 -8 12
12 11 8 0 -2 -3 14 12
-4 -33 -5 6 10 12 -7 -18
-15 -42 -35 -22 -16 -16 -22 -60
5 14 22 5 3 11 22 20
-13 -72 -37 -6 -4 -6 -9 7
12 76 35 5 -3 -5 7 14
23 0 -1 2 5 5 -3 35
-22 -7 3 -2 -4 -3 -14 -39
-4 3 -8 -3 -3 0 7 24
16 32 14 4 6 6 -14 -41
-8 8 -7 2 0 -2 9 19
16 61 1 2 1 1 3 -9
-11 -10 -6 -5 -6 -7 -21 -28
3 8 -10 -2 -4 -7 14 4
-4 20 15 0 -2 0 0 13
14 72 22 2 -1 -3 8 10
13 -18 -1 1 0 -1 -6 1
-8 -11 -27 -7 -3 -4 -3 4
-11 -11 -22 -5 2 -1 -7 6
3 3 3 6 2 2 0 -27
37 67 41 10 9 5 15 -1
-1 -37 3 2 -1 8 3 23
15 25 24 7 5 -1 10 51
-24 -56 -38 -13 -9 -4 -5 10
-19 20 -4 0 4 2 -6 -22
13 47 21 4 2 -8 11 7
13 8 -3 -5 -10 -2 -12 2
12 20 19 3 8 12 -1 31
-5 -13 -7 2 6 8 0 -4
-12 -10 -7 2 0 5 -7 5
9 14 15 1 0 -1 3 0
-2 27 -4 -1 -6 -13 -11 -12
-6 -49 3 -1 0 6 -5 2
-1 60 20 0 0 -1 -16 -30
2 0 -3 -3 -4 -3 0 1
-5 -20 -10 0 0 0 1 -20
29 80 28 8 9 12 -8 -17
-9 -35 -23 -12 -15 -21 17 0
4 14 13 7 4 -3 -1 0
11 1 -9 -6 -3 -4 -12 7
2 30 18 3 0 -1 12 14
-12 -42 -29 -11 -5 5 5 3
-6 18 5 -1 -3 -1 12 -39
-8 -26 0 3 3 2 -7 3
-7 3 -7 -6 -2 5 20 49
14 -2 24 0 -4 -13 -15 4
-7 15 -9 -5 -8 -19 -12 -13
-33 -78 -19 -8 -9 0 21 -1
9 1 -3 1 -4 -2 -16 42
-9 -17 -12 0 3 5 17 37
-2 4 10 7 9 12 -5 5
-18 -12 2 -2 -5 -7 4 -2
15 3 -20 -10 -4 -11 -20 -22
29 -9 -20 -9 -7 0 -14 -5
-8 10 10 5 3 0 15 -15
-2 -19 -11 -5 -4 -7 -10 32
-10 7 -18 -4 -5 -8 3 -10
14 58 25 10 7 7 4 18
6 14 -6 -1 0 8 4 -18
28 9 13 -1 -2 -1 -9 1
-3 -5 -2 2 1 -4 3 -12
0 -17 1 -1 1 -1 6 -6
-2 -10 7 -1 -3 5 1 1
-15 -40 1 4 3 2 12 5
-24 4 -18 -3 -7 -2 -19 16
-15 -19 -7 2 4 5 -1 -35
3 -26 5 4 7 7 12 20
1 30 9 -1 -1 -2 -16 -20
-18 -36 -2 -2 -7 -12 23 -24
-15 -19 16 3 1 -2 -12 -9
-6 -38 -30 -5 -2 -3 0 -4
-1 34 5 1 -1 4 -1 13
47 56 15 5 7 8 -15 -10
7 -36 -19 -12 -10 -10 30 32
-16 -33 -2 -2 -1 -1 -3 -18
-22 -41 -12 -8 -2 -2 -24 -14
-35 -123 -15 -7 -12 -17 3 17
-8 55 -1 -2 -1 -2 -13 6
-15 -23 -17 -6 -7 -7 -37 5
35 88 20 10 7 2 6 17
-9 -8 -1 -7 -4 -2 -12 -4
10 23 14 4 4 2 -8 -11
-35 7 4 -3 -8 -8 4 -3
16 -8 -16 -2 3 3 3 44
0 8 -5 -2 3 6 7 -35
-12 -27 -5 -2 3 3 -5 35
11 56 23 4 2 6 2 -24
17 -27 -15 -9 -10 -13 20 17
-13 -26 -9 3 1 -1 8 3
-20 27 39 7 1 0 -5 0
16 -6 -23 -3 1 5 8 13
-25 -56 -21 -8 -7 -6 5 -14
-6 25 1 -1 -3 1 7 9
13 49 3 3 0 -5 -15 -34
-6 -24 1 -1 -1 0 -10 -19
-7 -27 1 -3 0 1 -5 -29
21 15 6 2 -4 -6 2 25
-5 -48 -20 -4 -2 13 14 -29
16 41 16 5 7 -5 18 82
21 78 28 6 10 11 4 0
-6 -13 -10 1 0 -4 -11 -3
32 57 3 -2 -6 -2 -6 -2
-5 5 6 -1 -1 -2 18 -2
-30 -1 0 1 -1 -4 -14 -10
-6 25 2 -4 -3 2 -15 -4
-17 -39 -19 -5 -5 -9 11 11
56 36 7 0 -1 -4 -8 -16
-6 -23 -28 -17 -19 -19 -15 6
-14 -42 -16 -6 -3 5 7 -45
2 0 -4 1 0 -9 -3 19
-22 -12 -8 -2 0 3 4 -46
