-4 -6 -64 -9 -10 -7 4 -14
8 -14 -7 -6 3 8 17 33
-12 -18 -43 -13 -4 7 13 7
-10 -13 0 3 6 3 -10 -17
6 4 22 12 5 -3 -5 -12
-9 2 -22 -10 -4 -9 -11 0
-3 -36 8 6 0 1 -25 -24
6 -22 -28 -7 -17 -4 39 36
1 10 3 -2 7 5 -12 3
9 -16 -13 6 -2 -1 0 -1
11 69 100 3 11 0 -28 11
5 -28 -75 7 -5 -3 8 -22
3 21 9 8 0 2 -1 -11
-8 -14 1 -15 -10 -12 -4 -10
2 5 -17 1 1 -5 -13 1
8 13 23 -5 0 3 3 12
-16 4 -8 -13 -8 -5 -4 -22
-3 -15 -28 -1 -1 -6 4 -14
-2 25 63 -13 -14 3 10 3
-8 6 5 -8 1 4 -13 -11
5 -8 -18 -9 11 3 28 24
-11 17 17 0 -4 4 -1 -3
-2 -17 -33 22 -7 -23 3 21
-4 -6 5 10 -9 -14 -31 -79
-9 -20 -25 -1 -21 -23 -14 2
-4 5 25 -8 0 6 4 0
-11 -8 1 -4 -3 2 -4 -11
3 11 3 -9 -9 -11 -3 -8
1 14 12 2 10 7 -3 6
11 56 38 5 -6 -9 14 22
-10 -61 -47 0 -5 -7 -8 -10
-3 -13 16 3 10 11 9 -9
-17 18 -17 -12 -12 4 -11 -25
-6 -15 -10 -2 3 -7 4 14
15 27 1 1 -2 -6 -8 -15
4 4 -3 7 6 2 10 11
-7 -35 1 5 -9 -10 15 0
7 4 -3 12 10 22 -5 -4
-12 -28 7 -8 -11 -28 -25 -4
-4 -3 -15 -12 3 6 -6 -10
12 14 -7 -11 -1 -1 7 13
2 41 -24 4 0 -6 4 2
-8 -46 30 22 -8 11 2 -17
-25 -18 -20 3 -8 -16 -25 -25
0 9 66 -12 10 7 4 16
2 -44 -109 -1 -13 -13 -13 -8
4 20 14 -4 0 3 20 25
-9 -8 15 14 -9 -13 -10 -16
0 -2 -30 3 0 -1 0 -14
-3 -30 -2 -1 1 12 9 20
10 30 -4 -5 12 7 -13 11
12 8 10 -9 -14 -6 20 12
-2 -5 -1 8 -2 -7 -19 -10
6 32 44 4 -4 -9 -13 -26
8 41 43 -5 17 18 27 31
-4 -52 -43 -5 7 26 -7 14
-12 3 -19 -14 -10 -12 -8 -18
14 -23 -14 -7 -3 -19 7 -2
-4 22 -1 14 -8 8 12 23
10 30 23 -20 5 11 12 21
-1 -18 7 23 16 14 -5 -18
-9 -31 -17 -3 -19 -11 -12 -20
10 37 47 1 22 11 -1 5
-29 -51 -19 -1 -20 -14 -6 -29
7 -29 -20 5 -2 5 6 20
-23 8 12 -1 -3 2 -1 -6
3 -14 -36 -11 -8 -18 -16 -16
12 43 -6 -2 10 4 -4 13
5 -17 11 -12 -20 -12 -11 -39
-22 -32 1 4 3 7 15 -11
-5 -25 -53 -6 0 3 -12 -7
12 15 -24 4 14 9 14 25
-12 8 34 11 8 3 2 -9
0 4 22 -2 -1 -2 -10 -2
-7 -10 -2 -1 -2 1 23 1
7 -15 -42 -3 -10 -12 -18 1
3 31 40 -6 -6 -7 19 38
-9 0 -3 -6 14 10 -27 -38
-6 -15 -5 0 9 8 5 10
24 107 47 9 5 6 -3 -16
-18 -103 -67 -22 -19 -16 3 18
5 49 31 5 4 4 9 6
6 40 59 13 -11 -16 -25 -29
-15 -30 -22 -17 -15 -5 0 1
23 31 -27 3 17 10 -8 -19
-23 -20 -2 -6 -14 -16 -6 -3
-5 -3 -44 -14 -6 -17 13 52
-8 -24 30 23 -14 -13 -26 -34
8 17 21 2 22 17 14 27
-6 -33 -14 15 1 7 -2 -21
0 6 3 -7 -6 -14 -7 -16
-5 -37 -30 8 -5 -5 11 12
4 18 -16 -13 -2 1 -13 -8
10 -33 4 -4 -1 11 23 35
-9 14 29 11 -5 -13 -21 -27
1 2 -20 -25 0 -7 -13 0
3 -9 -24 11 2 8 11 29
7 47 74 -19 -2 -1 22 27
5 42 22 0 -3 7 -33 -82
-25 -100 -34 16 -6 -17 -9 -16
-9 25 21 12 2 -4 -6 -7
1 -6 -71 -15 -10 -1 -7 14
-11 -39 -46 -4 1 3 -15 -10
17 15 60 20 14 13 23 2
-30 33 4 -14 -38 -40 -8 16
23 -9 2 11 37 53 33 33
7 -1 3 7 1 10 6 9
-4 -3 -20 -11 -8 -1 -4 -7
11 14 16 11 4 -19 -35 5
-5 -12 -3 -3 -10 -10 11 -20
-6 -41 -69 -5 -3 0 -1 28
52 107 109 2 8 11 28 33
-12 -36 -37 -11 -2 10 8 -1
-10 6 -23 -2 -16 -27 -38 -55
-2 -48 -26 -6 -3 6 4 29
-9 7 -13 0 -12 -12 5 -20
20 57 12 8 6 11 0 -14
-10 -26 44 8 8 -6 -20 -4
8 7 20 -7 -13 -15 12 9
-15 -23 -29 -7 4 10 2 -21
-4 7 -2 -6 4 -3 -5 -4
-5 -11 -21 9 7 -7 3 19
-12 41 30 1 -10 7 8 -41
-5 -6 6 -6 8 -1 -15 27
-6 -24 4 7 -6 4 5 -42
-1 37 27 -12 7 -1 8 24
5 -69 -58 -4 -1 -11 -9 -11
5 50 -14 -5 -8 -10 -5 14
-40 -93 -5 -6 -14 -10 -16 -42
17 -5 -8 6 -2 5 1 6
-8 49 62 -4 1 4 4 0
-1 -6 17 11 10 7 -3 6
10 29 53 5 3 2 7 18
6 1 -3 8 -5 -3 6 -13
-2 4 12 -11 -1 -1 -13 -1
-10 3 7 8 0 2 7 19
18 16 -5 4 4 -2 2 -21
-20 -26 -49 -20 -20 -14 0 21
3 8 -19 -7 0 2 7 30
12 26 34 -3 21 22 4 2
-4 -31 -37 6 7 -8 -25 6
-7 8 8 -2 -10 0 6 -19
-2 -6 -6 0 13 16 21 2
4 17 -33 13 -13 -9 -15 0
-3 9 71 -7 5 11 12 12
5 32 48 17 9 4 -5 3
-2 -43 -42 15 -1 -9 0 -2
-8 -34 4 4 -8 -3 -1 -8
8 11 -36 8 10 11 -1 12
4 49 29 -10 -8 -17 -36 -42
5 25 11 3 9 7 44 51
-7 -38 -31 -9 -4 -4 -5 7
13 1 -29 17 0 -6 3 -3
-6 -21 -22 -17 -27 -4 -14 15
-2 10 -9 -5 12 -17 -21 -52
-8 -12 3 -11 16 25 14 12
3 -14 25 0 4 17 20 33
5 16 -9 -6 -6 -12 -9 2
-7 -44 -29 -1 -11 -14 -28 -27
5 48 25 12 5 5 6 -10
-24 -39 -68 -17 -13 -14 -11 -12
17 12 -9 -3 10 7 13 14
-20 47 80 -10 -12 -7 -9 -3
11 -42 -69 -3 -10 -9 -7 -11
16 33 39 -8 4 6 4 -8
-8 -49 -16 16 1 5 5 9
9 53 14 -5 7 -11 8 -3
-19 -17 -26 -19 -16 -3 -24 4
19 15 -5 -1 0 11 10 12
-38 -17 -5 18 6 0 -9 -14
0 -13 -9 5 -33 -34 -31 -20
-9 34 39 3 16 13 38 17
9 -16 -23 4 1 -6 -9 -4
9 -2 -14 -18 3 6 -5 -33
-12 -29 6 4 -1 15 -3 1
8 45 23 2 -13 -26 -25 -32
-24 -23 -2 9 -9 0 34 10
29 13 -53 -21 5 1 0 26
-14 -4 35 8 -11 -11 3 0
-5 -30 -23 -13 -6 -19 -12 -27
-7 28 21 -2 15 35 -9 -14
-14 -19 -23 2 -5 -9 10 -12
16 -13 -29 -5 9 12 0 7
-2 -3 24 27 -2 -14 10 27
-3 -1 -28 -24 -8 4 21 -9
-1 30 38 7 11 -4 -40 -19
5 -6 -9 2 0 16 17 22
-5 -69 -55 -5 -16 -37 -29 -10
-7 24 63 3 5 4 29 9
6 46 46 5 4 14 8 6
-1 -27 -8 4 11 15 1 4
8 9 -38 -9 -1 8 16 7
-4 -29 -16 -10 -12 -25 -27 8
-39 -63 -71 -20 -19 -13 -10 -3
15 27 40 2 3 -8 -11 -4
-7 -33 -24 -8 -6 4 5 -2
-6 10 0 3 -5 2 4 3
3 -1 13 24 16 13 23 16
-5 -9 -56 -11 -19 -13 -17 -9
-4 -13 53 7 -3 -20 -24 -20
0 14 -12 -1 10 17 25 -19
-18 -41 -31 4 1 7 -5 8
17 6 -1 -11 0 12 47 32
4 50 65 6 1 -6 -26 -17
9 -17 -21 -4 -8 -11 -32 14
0 -24 -17 -14 -12 -12 2 -30
4 -4 4 1 13 10 36 29
-5 -57 -16 7 10 15 -7 -2
-11 92 30 1 -11 -13 -25 -10
6 -84 -54 -3 -12 -4 -2 -2
-4 -3 6 -4 0 -10 -12 -7
-16 4 -4 -6 -1 12 19 2
12 -6 -12 13 6 -5 -14 -12
1 37 65 -1 -9 -16 -22 11
-1 6 -20 1 -6 2 20 -13
-9 -42 19 -4 5 1 -3 7
13 -4 4 4 4 7 -5 -7
-3 14 19 11 1 0 8 22
9 14 1 0 -3 -15 -37 -13
-7 18 -40 -19 3 13 18 9
-5 4 17 1 3 0 1 -37
13 3 1 -4 1 -4 -9 -10
-38 -28 -15 -5 -1 1 0 -11
11 67 18 8 -1 4 0 9
8 -80 -27 7 0 -17 -11 -6
38 75 53 -3 15 29 44 67
-42 7 16 2 -12 9 -40 -48
-11 6 1 -23 5 -16 15 -2
6 34 0 2 -6 -2 -32 -13
-16 -71 -56 2 13 11 31 9
20 14 16 9 0 4 -10 34
6 -30 25 2 1 1 -7 -8
-6 -3 -32 -11 6 12 20 19
5 57 49 9 -1 -3 -20 -27
-10 -57 -79 -12 -2 3 10 -10
13 17 54 -6 -6 -12 -9 6
2 -15 -1 -4 0 -3 7 27
6 27 -3 4 -5 -2 -17 -49
-9 -21 -20 -1 -5 -14 6 9
-9 -4 -13 5 -3 -1 -1 10
4 28 6 3 -9 -12 3 8
-9 -35 23 -2 -39 -27 1 -24
9 3 1 13 38 28 -8 13
-7 7 0 -1 -8 -1 -2 -18
-8 49 -6 -17 4 6 7 8
-7 -5 2 5 -13 -34 -10 -3
-4 -53 -48 -6 -2 -3 7 3
9 78 72 -16 5 14 1 -5
-33 -84 -50 14 -13 -13 -24 -33
14 59 8 -16 -3 -8 -3 29
-4 -1 16 5 -3 4 7 -6
6 8 -14 -8 8 15 14 -9
11 -17 11 8 -14 -9 -2 -1
-21 26 -17 -11 2 -9 -36 -59
-2 20 41 13 14 -3 -1 55
-21 -57 -18 -5 -12 -4 -7 -27
3 -6 3 2 0 11 -4 -10
9 -9 -4 -2 -14 -10 39 17
12 15 3 3 -1 -5 -21 -6
9 13 -24 10 5 -9 -4 0
-13 8 25 -16 -4 5 17 -7
18 3 -2 -2 20 36 -1 21
-24 -41 -18 -7 -19 -17 -20 -32
8 -1 -26 10 4 -3 12 22
-16 -8 53 20 4 -5 -11 -8
-17 4 34 -11 6 0 -1 -6
16 17 -5 -7 -5 1 13 -4
-8 -17 -48 4 -1 1 -12 6
0 20 7 8 -11 -10 8 -11
2 -26 -14 -4 -14 -11 -18 2
-14 14 16 -4 32 26 3 -8
6 19 -22 -5 -16 -28 -1 17
1 -32 -33 8 12 16 -6 22
-16 -8 -10 -9 -2 7 0 1
31 33 12 -4 -2 1 25 -2
-10 -30 -13 14 0 8 -24 -15
12 33 22 6 0 -4 35 19
-10 -32 -47 -12 -10 -12 -40 -23
3 14 3 -9 -4 4 14 17
0 -47 2 14 20 14 3 -17
16 76 76 -17 -15 -17 -4 26
1 -8 -2 6 5 9 1 -15
-11 4 -22 -1 -11 -9 -6 -4
7 32 18 6 -3 -2 2 5
-2 -42 -23 12 5 3 -6 -7
-14 -27 -43 -5 3 -3 13 11
24 21 31 -10 -6 -14 2 -10
-50 -27 -6 -8 -13 5 -16 1
-8 -29 -19 7 8 8 1 6
8 -13 -15 3 -2 -12 2 -5
6 -11 17 7 -8 9 19 13
6 -3 -46 -7 -10 -16 -8 -30
-8 0 17 -9 9 13 11 -20
6 17 -8 7 12 6 -30 -24
4 -2 -4 1 -14 -9 7 4
13 6 41 19 4 6 11 8
1 -4 -23 -6 -5 -12 -20 -7
-1 22 58 7 7 -4 13 25
-21 -2 -33 -4 5 10 0 -11
-9 -10 -6 -22 6 22 11 7
-24 -87 -93 2 -25 -41 -23 -9
8 52 69 2 5 8 -14 -4
-3 22 -6 -2 -11 -18 8 -20
-10 -34 -12 -1 13 24 -4 -16
-5 8 -18 -8 -9 -3 20 19
5 -14 1 9 -8 -9 20 7
-2 -27 -3 0 -2 -7 -22 37
18 21 4 -1 -11 -17 -16 -29
-7 -27 10 -1 9 8 -5 -16
1 -9 -33 -14 -7 0 1 -6
16 54 67 8 -1 -4 11 13
-3 4 -33 -15 -2 -5 3 29
4 -8 -10 -4 1 -3 -21 -8
-14 -17 -3 17 -7 -10 8 -2
7 12 -5 -35 -5 8 -30 -48
5 8 14 4 -13 -5 -4 30
1 60 6 2 5 3 27 14
-8 -4 -11 19 17 14 6 5
-9 -100 -77 -5 -12 -16 -19 -3
-2 4 27 11 -2 -3 -2 -15
18 40 5 -13 -11 -5 -36 -28
9 -9 -10 -6 -5 -12 20 50
4 21 8 -1 12 11 24 19
4 -38 -31 7 -16 5 -7 -13
0 9 28 -19 -2 -34 -26 -18
-7 -14 -16 6 -2 -7 10 -10
-7 -4 44 15 14 21 -5 0
21 29 37 -1 11 6 1 7
-3 0 -9 -19 -24 -11 -7 -4
-6 16 38 -15 -1 -18 -1 17
1 -34 -52 7 0 0 -3 -3
12 -5 -2 9 2 -5 4 -1
12 42 12 22 15 17 12 17
-3 -10 -5 -14 -4 -2 -15 -13
-5 -1 31 -3 -6 -10 -11 -12
-10 14 -27 4 -8 -7 -4 -2
48 46 49 -1 22 26 34 33
-22 -15 -21 7 0 13 -7 -11
9 42 5 -13 4 -1 3 -19
-32 -18 -18 0 -3 -14 -5 3
-20 -26 -20 -12 -6 -10 23 24
4 -25 -16 -2 -3 20 -22 -25
-4 10 0 -5 -7 -13 -11 -34
-6 7 12 1 0 -2 7 -13
-19 -43 -5 9 -8 -10 -30 -16
-11 18 -5 -7 -5 -2 17 -8
-7 2 -18 6 4 0 -5 3
5 5 17 3 12 19 9 22
7 27 19 16 6 10 7 4
-2 -80 -11 -10 -15 -22 -19 -17
-21 10 -9 3 -14 -12 -7 0
-2 2 0 -7 3 -2 19 22
17 24 -46 0 -1 3 -4 -25
7 9 83 15 6 5 10 19
-22 -60 -57 -3 3 -3 -40 -32
15 -8 4 -9 -5 1 6 20
-24 -30 -32 -5 3 -11 28 49
0 47 38 -10 1 12 12 -58
0 10 17 1 5 14 -8 7
-6 -18 -19 -2 -12 -13 -12 -3
0 -2 3 -12 1 4 1 2
7 12 -30 10 3 -8 0 19
4 53 41 20 7 3 21 6
-7 -26 -14 -5 -8 -1 -5 -28
-7 -22 -22 -5 -2 9 9 17
5 -8 12 -4 9 4 -3 22
4 -8 -1 -17 -30 -22 -10 -12
-6 -16 27 -1 13 5 0 4
-36 -39 -29 1 -9 2 -12 -25
-4 40 44 -18 -11 -11 -10 -8
19 -1 -4 -2 6 3 21 34
5 4 -3 -9 -11 -18 16 -22
-2 -7 9 15 0 -9 -34 -8
-9 -4 -43 -3 -2 23 10 14
-34 -34 10 2 16 13 6 -35
28 44 13 7 -1 5 4 21
3 21 23 -15 -8 5 -8 -15
11 -14 -48 28 16 9 28 21
-6 -20 26 -22 -15 -6 5 2
9 8 -17 -7 -4 4 -14 -17
-21 -19 3 -6 -6 -16 -11 -13
-11 5 -14 -6 -1 -14 -27 -18
22 45 5 24 11 -1 13 25
8 -2 21 -7 1 -6 -11 -4
-13 -27 -37 -6 -11 1 0 -9
-6 3 22 14 3 6 2 7
31 32 -23 -9 7 1 -4 5
-16 -48 -38 -1 -20 -30 -5 11
-18 -32 -13 -21 -1 9 18 -30
8 19 -8 12 41 27 -5 3
6 -57 11 -4 -26 -24 -7 12
17 31 19 -4 11 13 -13 51
11 48 31 -3 9 10 32 10
-26 -67 -51 -12 -18 -13 3 -5
16 34 21 -1 4 3 1 55
-25 36 -5 -6 -7 -11 0 -87
-3 -46 16 14 2 -1 -34 -5
4 -31 -26 -13 -16 -5 -10 0
-10 -4 14 14 5 8 25 7
3 11 -2 -7 -2 -6 -9 7
20 41 65 6 3 3 -2 8
6 13 -31 2 4 -6 -10 -19
-9 -21 -5 5 -16 -15 -5 -24
-14 18 1 -2 5 9 19 27
3 -15 -16 11 23 31 -8 -15
-7 -18 -8 -6 -6 -14 8 34
7 -32 8 15 10 11 -17 -38
-6 22 -16 -12 -10 -16 -4 7
-3 -30 -29 -5 -22 -15 -15 -25
9 31 15 -13 -4 1 25 4
-12 37 -16 7 9 -2 1 14
-4 -31 37 5 3 5 -13 -15
1 -52 -58 -8 -5 -13 -6 10
-3 17 -41 -14 -21 -16 -14 -15
18 81 79 5 -11 -12 2 -14
12 -41 -7 -6 20 49 5 -14
-3 -11 -30 -8 -6 -3 -2 -2
12 -5 3 -16 2 -14 -19 4
-2 18 -48 -6 4 4 3 -5
-6 0 18 6 -15 -19 -2 -1
19 45 38 6 0 21 33 36
-7 -13 -17 14 1 12 11 -10
-11 -31 12 -13 0 -17 -42 -12
10 -5 -11 -13 4 6 2 20
-9 -37 -37 7 -1 -10 7 -3
-27 -51 40 12 0 -11 -35 -45
-9 -46 -63 2 -3 10 4 18
2 30 48 3 1 -7 5 -6
12 -2 -18 -7 -2 -1 8 43
-11 42 31 -13 -21 -20 -12 -59
-17 -15 -11 3 16 30 -1 -17
8 -32 -27 3 15 -1 -3 35
-15 34 15 16 11 6 5 0
28 31 38 9 1 -6 4 6
-8 -26 -21 -3 -1 -7 9 -14
-17 17 -21 -6 -5 2 2 1
4 -27 18 7 0 0 -1 -20
14 35 -21 -4 3 0 -14 10
-13 -6 32 -2 -14 -11 14 34
0 30 12 3 6 1 3 -2
-6 -47 -17 6 -3 -18 -20 -4
2 -12 15 27 13 17 13 15
9 -26 -46 -14 -5 3 20 -3
-19 -25 -19 -6 -9 -14 -34 -19
21 61 28 4 2 -8 -3 -4
1 -37 0 23 8 2 -1 21
7 42 10 0 -5 -19 -19 12
-21 -42 -46 -23 -14 23 32 -37
7 35 3 -12 18 24 -11 8
5 -29 -46 -2 -4 -6 11 33
8 64 92 -8 -9 -11 -12 -32
-13 -59 -41 7 -12 -28 2 -8
-4 13 8 1 7 11 -12 0
-4 20 -4 -29 -6 6 0 14
-7 3 -1 3 2 8 -5 -10
5 19 2 2 1 -1 16 3
-22 10 25 -1 -12 -15 6 -16
5 -4 -13 -10 -4 6 -15 -24
-5 0 16 -3 9 1 0 5
6 36 32 20 8 -2 -8 -21
6 -14 -13 -8 -10 -15 -10 10
-16 -3 10 -7 21 23 21 -1
2 -16 -28 -11 -10 5 6 4
-1 1 5 -1 -4 -1 -6 20
-2 31 -16 -6 -9 -23 -5 6
-8 -10 61 10 -2 -4 -21 -44
-23 -26 -39 -3 5 15 28 35
13 53 22 -3 12 -4 0 34
2 -33 -10 17 -5 -6 7 -22
1 -38 -31 -17 -12 -8 -4 20
-21 -43 -40 -3 -10 -5 -32 -30
39 32 25 6 5 14 8 4
-7 3 33 3 9 2 7 2
17 31 -21 -3 -9 -1 13 2
4 -26 -6 -18 -11 -19 -7 29
-4 -7 -2 -6 -11 8 -17 -21
14 21 20 6 11 -10 -12 5
-24 -15 -37 3 0 19 14 14
18 21 43 4 -10 -16 7 -18
-6 -33 12 8 -13 -29 7 6
-3 -1 -25 -13 14 27 -17 6
7 33 27 3 2 -4 0 6
6 33 26 9 -10 -18 -6 0
-11 -35 -22 -14 18 23 11 -20
-20 27 37 -11 -10 -1 1 -10
0 -12 -29 0 -3 -10 -9 0
4 -47 -23 4 6 7 5 21
-12 -4 13 7 -15 -18 -28 -45
0 13 -17 -2 -8 -15 13 -8
12 29 3 -10 9 18 -17 5
3 4 4 -12 -3 -9 -7 -8
4 -7 -7 14 2 12 26 12
1 -5 19 14 1 7 3 -1
-9 -12 -31 7 1 -6 11 -7
8 6 64 -2 6 10 -8 4
-1 16 -3 -5 -3 0 -7 16
14 -3 -3 -11 -7 4 5 -2
-20 -10 -6 15 -1 -7 5 -4
2 -44 -41 11 2 -1 10 -11
-4 1 -18 -11 2 22 4 24
-12 -24 -11 -12 -3 -8 1 -6
21 118 21 -8 -5 -7 -14 1
-19 -74 -7 3 2 4 6 -6
-8 -3 27 13 -13 -19 -17 -6
5 -13 -22 -10 5 -6 3 -5
0 -29 -30 -23 -1 3 5 13
-8 39 -24 -5 -8 2 -10 -7
7 16 9 1 -5 -27 -26 -59
-4 -37 -24 16 -6 5 12 34
9 0 52 12 2 -4 10 14
18 10 -12 9 5 3 5 -1
-12 22 -19 -11 5 -2 4 4
-6 -28 0 23 0 17 -16 -24
-8 -76 -41 -12 -13 -20 20 7
0 38 9 3 6 15 -9 -10
-11 -30 -22 -8 -4 3 -5 18
14 55 29 6 2 -17 20 16
-10 37 53 0 7 17 -6 -39
-6 4 -13 -2 1 -8 -6 -17
0 -22 -4 0 0 2 -2 11
-14 -26 -46 -11 -13 0 4 -3
14 12 26 2 -7 -9 -12 5
15 -3 -31 -4 1 3 29 22
-6 -8 24 12 3 -5 -30 -9
-2 5 -10 -12 -5 -5 -9 1
-1 -6 -20 -11 -10 -10 -6 -22
10 24 56 -5 19 29 7 8
-7 -28 -42 2 7 12 18 6
-4 -8 20 -18 -29 -19 -19 -14
-1 -5 4 -1 27 30 7 24
-9 2 -40 -6 -7 -18 -18 -12
-9 8 8 11 13 12 19 4
0 2 -16 14 1 -3 1 -10
10 -10 31 -2 -14 -15 -31 -5
-7 21 25 -11 -6 -11 -6 -28
1 46 -7 -2 3 6 29 51
-20 -59 2 -6 -5 6 3 5
0 -26 -39 6 -5 -2 6 -3
5 28 11 4 6 1 -18 -1
4 -43 -13 -4 -10 -31 -29 -17
6 50 20 -2 9 18 -6 -34
-16 -25 -17 2 11 13 13 8
-2 -8 13 -6 2 0 -5 -7
1 24 -6 -13 -13 -15 1 2
7 -4 -38 8 13 13 14 16
2 23 68 17 -7 -7 -14 -49
-1 -16 -28 -6 -10 -6 10 24
4 20 18 6 21 17 17 30
6 2 -7 -10 1 -7 -35 -19
-3 11 -21 -7 -3 -6 9 24
-3 13 1 10 -10 -10 14 -25
-1 32 43 4 -9 -14 1 -7
-25 -45 -36 -3 9 12 5 2
9 45 12 -34 -10 -6 0 8
-16 -8 -3 -13 -18 -19 -24 -2
2 -24 -22 0 6 31 3 -5
-5 29 31 -1 4 -10 0 17
-21 -78 -51 11 -12 -9 12 -49
-1 -13 -9 0 -7 -6 -9 35
3 -23 -29 9 13 7 13 -31
16 56 70 12 2 -2 -12 22
13 -1 25 -8 8 13 25 -21
-19 -41 -33 2 -5 -8 -10 -4
-19 -56 -78 -6 6 8 -12 -8
39 78 89 25 0 5 21 3
4 29 16 -21 -2 -14 -15 13
6 6 -16 7 2 4 20 -7
-4 -34 -1 10 -6 8 -13 4
0 1 -6 -19 -9 -26 -7 -17
12 -3 -17 22 10 8 0 32
-42 -32 -17 -31 -26 -10 -30 -66
20 15 1 11 -8 -22 10 22
-5 -18 -26 -5 12 19 -8 4
-18 -20 -18 8 -13 -22 -23 -3
7 -18 5 3 -2 19 38 30
-2 24 39 5 22 24 12 -1
-2 -25 -27 -11 -3 -7 -11 -14
-9 12 18 5 -2 -21 -17 0
-4 12 -22 -10 -4 2 -11 -10
21 -1 -11 -13 -20 -13 6 4
-3 11 21 11 2 -4 11 27
-8 21 6 -6 2 -1 -8 -5
1 -50 -17 6 -10 -6 -5 7
-7 -6 3 -6 -8 -8 7 -12
-2 3 0 5 7 -3 -25 -14
-1 -6 -17 -15 -11 -3 2 -5
5 23 11 15 13 -5 -18 -15
-11 -14 -47 -14 -1 12 6 -17
-16 2 48 -2 -8 -2 23 12
-4 -1 -6 -6 -21 -10 -32 -19
11 -1 -13 -2 25 21 27 17
8 4 8 -14 4 2 -16 30
5 4 -14 -3 -2 0 4 -29
-4 -18 0 3 6 8 3 14
-2 54 39 11 -2 -4 -7 -8
-15 -11 7 0 -15 -22 -5 -14
-23 -37 -43 -35 -17 -13 -1 -5
15 -32 -21 24 17 20 4 17
11 3 52 -3 -2 -8 -5 13
-30 -4 -35 2 -14 -21 -24 -49
20 43 23 -7 -20 -17 28 40
-23 -41 -27 -8 6 35 14 -22
9 24 47 14 16 -7 -16 1
-41 -54 -46 -12 -23 -20 -10 3
3 -17 -41 -10 4 10 -13 -26
15 37 27 16 -10 -5 1 25
-10 -34 -85 -4 27 38 22 15
16 35 51 -8 -3 -17 -32 -18
-4 12 11 11 12 6 6 6
-11 -25 -18 -2 -8 -8 15 2
12 4 20 1 -10 -26 -21 17
24 23 -15 5 9 10 -13 -40
-5 -29 -27 -1 -5 4 16 0
-3 43 51 -13 -15 -26 -21 -12
-10 -9 -4 -7 14 38 31 -9
8 2 -5 6 1 11 13 29
0 12 36 -5 6 -8 -14 -4
-8 -14 -46 2 -1 -11 -18 -10
-8 -27 11 -1 -11 -10 2 -21
7 12 33 2 -3 -6 -10 1
-3 0 -15 0 -2 3 -5 2
6 -12 0 12 -3 -18 9 -2
9 33 3 -6 -16 -19 -1 16
-39 20 14 -24 21 33 -18 -33
-16 -31 -6 13 -7 3 -2 -9
11 -5 -7 -9 1 3 18 17
-7 -3 -14 0 -3 -13 -8 -12
15 0 5 0 -7 -1 21 15
-7 -29 -16 6 2 5 -14 1
-2 18 -59 -19 6 -1 1 2
1 2 64 5 -9 -6 -17 -20
-10 -10 19 14 -6 -25 9 9
-6 -19 -8 -4 0 10 -8 -18
6 -10 -15 -9 27 34 27 41
-8 6 -24 1 1 0 -28 -32
5 18 22 -1 -6 -15 4 12
3 -39 -48 19 8 3 7 -4
18 68 102 14 -4 -10 -24 4
5 6 -35 -22 1 29 25 38
0 -21 1 5 0 -1 -4 -8
-19 5 -2 -3 2 0 -4 -7
2 25 38 -10 -9 -4 -4 0
1 -21 4 14 3 0 -5 -20
38 28 5 7 -9 -9 -20 3
19 49 17 13 0 1 32 23
-12 -79 -62 -1 5 -6 -5 -13
-30 38 27 -12 -14 -6 -16 2
-5 -13 -16 1 -1 -3 -2 -2
19 6 -11 -9 -4 -5 -10 -1
-29 -7 12 20 10 22 14 -15
19 -6 13 -20 -10 -28 5 16
-1 14 -12 3 2 7 15 11
0 -5 8 4 5 3 -23 -16
-16 -36 -33 3 -9 19 17 13
21 45 -7 10 2 -7 13 17
-45 -71 -6 -4 5 4 13 16
13 15 -13 -24 -16 -11 -12 -27
4 21 28 9 -11 -19 -16 -40
-5 -14 -3 -9 0 11 17 4
12 18 15 1 10 10 -11 8
-15 -20 -27 -5 1 -5 -20 -6
-9 34 32 -7 9 3 23 13
-8 -8 -10 13 -25 -23 -10 -13
8 7 -6 -3 2 10 1 3
1 3 5 2 8 -11 3 3
14 -7 3 2 2 1 -20 3
-22 -14 42 12 1 -6 -2 -12
7 22 -7 -8 -12 -2 21 -2
-9 -9 11 -7 -7 -2 -17 -12
-10 -4 -64 -11 0 -4 5 13
7 -8 -45 -6 7 9 8 4
-41 4 55 -13 -26 -31 -15 -31
15 47 41 12 12 17 11 16
-8 -40 -21 -10 10 24 -18 1
2 -24 -42 -2 4 1 -3 13
10 -3 -8 -3 4 16 21 0
-5 8 1 -14 8 -29 -44 -28
-9 33 10 7 -1 7 33 4
8 -5 4 -4 4 -1 2 28
2 -5 -3 2 -16 -14 -18 -8
15 43 5 2 -8 17 36 8
8 -39 6 6 0 -2 -22 -11
4 -14 -32 0 -5 -9 -5 -18
9 13 19 -9 0 -8 -7 6
-15 -1 24 -2 -10 2 -6 6
-4 -3 -3 -2 -8 -17 -2 -16
-2 12 -48 -10 -10 -6 -2 -5
3 -21 10 4 10 -1 6 32
-16 -13 72 9 -4 0 -7 -42
16 13 -3 -2 16 15 -16 18
-5 0 29 3 7 2 2 -6
11 -20 -63 7 0 -4 4 -3
-6 -26 -35 -5 -4 5 -12 -12
6 4 27 -6 -15 -18 28 45
1 5 -10 -16 14 38 -25 -28
-9 13 14 16 -5 -40 41 17
8 -35 -15 8 -2 2 12 30
-14 46 6 -15 -5 -8 -13 -31
-3 -22 -23 3 -11 -5 -17 -22
15 41 29 -12 -2 1 -17 12
-5 3 -14 22 17 15 24 -3
-9 -56 -62 -2 2 -9 -10 -11
-3 12 51 -5 -9 -13 9 9
-9 10 44 -4 -5 -10 -38 -31
-11 -12 -90 -38 -8 5 19 29
3 2 18 6 -2 2 -8 -13
2 5 2 14 10 6 12 8
5 -36 -38 12 3 6 -26 -28
-5 0 -23 -30 -27 -35 10 51
1 0 -5 0 14 24 -15 -39
-24 -14 23 -14 -2 20 7 4
14 16 -7 -3 7 -13 25 5
14 -7 14 13 0 -3 -10 17
-3 20 10 -8 -11 -10 -5 -2
-19 -28 -3 17 15 -2 2 3
27 30 -22 -3 14 37 -3 -7
0 7 38 -8 -5 -12 0 -5
14 46 73 4 -5 -8 -2 -2
-10 -46 -46 -8 -2 -9 -8 24
-14 18 30 4 -9 3 24 -29
-6 -19 -10 26 6 2 -35 -24
10 24 7 -22 -2 9 9 8
2 5 -9 8 2 -10 -1 1
2 -31 -25 6 -10 -8 -18 3
-1 28 18 -15 -2 -4 9 -8
-15 -27 -14 6 0 2 20 -12
17 18 -19 6 9 -7 -53 -9
-11 -36 -2 -3 3 23 49 20
10 -7 -17 1 8 -20 -21 -11
-9 -4 -32 -21 -17 2 1 21
4 -5 42 -3 -5 -2 14 -18
-16 50 6 -1 2 -5 -24 -13
0 -33 -40 -8 -19 -6 -3 -9
3 18 -7 6 1 -1 1 11
25 59 54 6 0 -5 11 11
-4 -4 -12 -4 -3 2 -22 -4
-16 -62 -67 7 -3 4 4 -8
28 72 98 18 6 -4 0 3
-35 -64 -77 -36 -24 0 14 -7
3 -14 4 -1 -7 -7 1 9
3 11 -13 -7 -8 -19 -12 -13
-11 -15 -33 8 10 13 -22 -5
-8 29 42 1 13 4 9 -12
3 -39 -36 -12 2 4 -54 -14
-17 16 32 0 5 0 40 -7
-2 -20 -12 -12 -21 -28 2 36
8 39 18 31 24 12 11 -13
4 -75 -87 5 -4 7 -13 9
-2 -3 52 14 6 4 -7 -27
-12 -31 11 -6 -14 -7 4 -18
7 -14 -14 -11 -3 -1 -2 27
24 57 38 6 10 10 6 0
-5 -2 16 -10 -6 6 -2 5
-4 -44 -37 -3 6 -8 1 -5
-6 -2 -9 0 -17 -6 -1 5
-2 38 13 -6 7 2 -11 -14
-6 0 25 -1 14 30 18 -2
-4 -8 -18 -15 9 -4 -11 6
10 -6 -18 -4 0 -1 -1 16
-18 -1 2 -15 -1 10 10 -3
5 18 -11 5 -2 8 -12 -3
-6 -39 0 -5 -17 -4 1 -12
-4 25 -12 11 5 -1 13 8
-5 -16 43 3 0 -10 7 13
20 61 -1 -6 -2 -2 1 15
16 36 -26 1 2 7 -10 -8
-31 -75 -13 -18 -19 -23 -16 -25
10 -1 -2 0 -5 -6 8 11
-14 -33 -31 0 -3 -8 -19 -19
14 38 12 10 -1 -4 24 25
13 -11 -15 12 7 7 -4 -6
-2 21 -3 -26 4 5 9 7
4 -1 -12 -4 9 7 -12 12
-25 -35 -42 10 -10 -24 5 16
21 -7 19 0 23 79 22 10
-21 -21 12 2 -4 -41 -2 10
30 50 62 -4 5 -1 16 37
-35 -19 -9 1 -4 3 -31 -66
2 -28 -7 12 -11 -16 -6 -17
-22 47 2 -2 5 16 2 -6
-4 -59 -60 3 -5 2 23 23
-3 -8 18 -10 -7 -16 -8 -16
-4 -3 14 -8 -6 -14 -16 3
2 -20 -13 -2 -7 10 6 5
-10 21 4 -5 -7 -22 -35 -36
12 16 39 8 22 13 31 38
-4 -25 -42 13 -19 -20 5 -19
-6 -9 -11 -20 6 4 1 34
-8 -19 -13 8 8 18 -19 -65
24 37 5 8 2 2 -6 -14
8 47 21 -7 -8 -16 -2 21
7 5 32 6 -12 -7 10 -1
8 -9 -36 -16 -15 -7 4 26
1 -41 17 -3 6 -3 -15 -13
-1 28 -17 -8 -9 -14 -10 -16
-4 23 6 7 -2 0 1 -17
-18 -55 -17 4 1 -1 -7 5
2 11 24 8 -2 11 11 14
-3 7 -10 -4 -11 -31 -1 22
1 -5 -25 8 -1 -10 -27 -72
0 20 20 -1 -1 17 17 8
-12 -23 -36 -4 7 16 -3 -7
-4 9 28 -12 0 -8 -4 30
-4 13 9 3 12 14 8 -22
-14 -63 -38 11 -9 -12 -1 6
4 -13 -25 14 1 -5 -3 -3
15 46 53 1 3 2 -4 -15
-15 3 11 7 -14 -20 -12 4
-11 -31 -9 0 2 1 11 2
12 23 23 -7 -1 3 2 2
-6 -35 -12 -2 4 4 -8 -13
-13 16 -20 5 -6 -1 0 -2
2 -37 66 0 10 -9 -12 -7
-15 13 -19 -12 -24 -5 17 26
-8 31 -57 4 18 -5 -23 -25
23 -53 27 -5 4 28 -10 7
-7 78 28 -4 -24 -20 15 -6
5 -51 -9 -5 -6 5 10 14
18 4 -14 -8 28 28 -2 11
-4 -1 -50 -22 -5 -10 4 34
-3 -39 -21 12 -2 8 -4 -27
4 2 30 15 0 -5 1 -16
-6 -9 15 2 -21 -16 -1 -2
12 1 11 -2 12 8 6 21
2 52 57 -8 2 8 -8 13
-5 -2 -33 -13 -13 -21 -2 -2
-13 -23 -7 14 5 15 24 4
29 16 20 15 -7 -15 -25 4
-27 -14 1 -10 -2 -10 2 -15
5 26 38 -1 9 10 -12 1
-2 17 -8 11 0 10 5 18
-3 -45 -41 12 4 -14 10 -10
13 22 -13 6 -2 28 13 25
0 27 15 1 -7 -71 -15 5
1 -34 -37 -9 27 59 16 -8
-17 -3 0 -2 -1 3 -13 -31
-6 2 -23 -11 -6 -7 12 8
4 17 -8 -10 -1 10 8 -7
1 15 47 6 -15 -38 -32 4
0 -5 0 -4 -5 -10 3 -1
-11 26 -56 -2 6 8 -4 -10
-9 -53 28 -18 -13 -9 -26 -16
-4 4 -1 -21 -15 -11 23 2
-8 -19 6 -6 8 21 6 10
15 42 -6 -12 -8 -15 -13 -7
-20 8 2 -5 14 3 -5 -5
8 -6 15 18 -14 -11 -20 -33
-21 -29 -42 -36 26 32 30 24
11 47 70 6 16 18 3 17
21 -13 -40 8 -2 15 -1 -7
-12 -8 23 -2 -14 -18 -1 -3
1 22 -7 3 -13 -17 -9 -19
2 -20 -3 -2 -1 -6 -5 0
10 16 13 -6 -1 17 -4 7
-23 -10 -28 -5 2 -1 7 -15
1 10 27 -10 -30 -16 -12 -6
-2 -2 -67 -1 -6 -17 -4 10
-12 -14 24 11 2 -3 -14 -31
4 20 18 -13 -10 -3 25 -3
-12 -5 25 14 11 3 3 6
9 17 -17 1 -9 -19 -7 3
-21 -22 -59 7 1 13 4 -11
-13 -15 14 6 -5 -10 -12 5
2 -10 -17 -5 15 13 6 7
11 1 43 -11 15 -1 -4 19
6 15 -1 19 0 4 5 15
-4 -9 -4 -4 5 5 -7 -9
-6 -11 -46 -6 -24 -16 21 -13
-7 -16 11 10 -3 14 -10 -8
-4 -21 -39 -14 1 -18 -4 -5
-1 42 21 -9 -4 -12 -20 3
8 -29 12 10 -7 -9 -7 -28
5 -6 -9 3 -7 -4 -5 8
-8 21 40 4 2 11 30 36
28 -4 7 2 7 -1 9 18
1 46 34 -1 -1 -1 -41 -5
-8 -6 -51 -10 -11 -4 16 -14
-9 -8 38 -2 6 8 7 7
-7 -50 -52 -1 -18 -15 -7 1
-8 -1 10 10 19 30 15 13
1 18 5 -2 -19 -40 -24 -27
-11 -5 -12 -6 -14 -20 -23 2
-12 46 4 -31 33 38 12 -28
-4 -27 -28 -6 -13 -5 14 7
0 1 46 15 11 20 33 53
29 4 -40 2 -7 -22 -24 -41
-16 -6 0 5 -23 -15 -17 -12
-27 -67 -88 3 -9 -17 -27 -18
-14 -12 10 1 6 7 10 -11
-13 -2 5 -1 -8 2 11 19
32 55 -11 1 -5 -2 -4 3
20 80 81 13 13 3 16 4
-12 -38 -37 0 -8 -12 -28 -12
-14 -52 -2 -13 -4 6 -10 -21
-10 -37 -29 5 0 4 9 -9
11 39 -15 2 -6 -19 13 37
17 11 42 3 -6 -8 -36 -30
-9 28 4 -5 26 20 39 -17
2 -15 5 -8 18 37 2 41
-4 -1 -9 -1 -9 -9 3 -5
-10 -12 2 -7 -3 -6 -6 8
-3 1 -6 0 -9 -24 -14 -17
6 2 14 5 6 1 -2 -7
14 4 13 4 -7 -5 -5 -1
2 27 1 -7 3 10 9 -3
7 -19 -10 0 -2 8 -3 19
-3 -11 1 3 -1 -11 5 1
-1 -16 -29 2 -2 -3 -11 -10
-11 6 47 -3 1 -4 6 1
12 19 5 -3 2 6 -2 -1
1 -1 -10 9 -4 -10 -6 2
0 15 21 -9 6 9 -8 0
-1 -29 -48 -1 -3 -3 -1 -23
-5 29 -25 -1 -19 -20 -7 -5
10 0 10 -4 19 21 10 7
-3 -70 -15 15 16 12 -3 -3
16 21 3 7 -5 -9 -23 -9
-1 3 50 8 8 14 7 13
5 9 17 12 -6 -12 -12 -9
-4 2 0 -14 -13 -19 -10 -10
0 -7 18 -7 8 -1 11 6
-5 21 -67 6 -2 4 -11 -8
19 -2 53 9 4 1 11 16
-23 -22 -1 4 -21 -21 -28 -43
-4 -28 -46 -10 4 5 30 30
11 23 23 1 19 27 13 9
-24 1 -13 -7 -1 -8 7 14
18 21 -11 -6 -3 -6 5 -3
5 8 36 13 -34 -22 -11 2
6 -1 -25 -1 32 19 -12 15
9 7 26 -1 -9 1 6 4
-11 3 19 -1 25 26 -12 0
-11 -37 -19 0 -1 -7 8 -9
14 45 29 -9 -9 0 7 19
-5 -81 -96 3 -16 -15 -17 -32
5 54 43 -10 -13 -14 10 -11
-31 -46 -35 2 16 20 -2 -4
14 30 42 7 3 -4 4 10
2 -6 6 -8 -14 -8 -18 -6
-16 -7 -21 -9 -3 6 21 11
2 0 5 -13 15 16 16 -7
-21 -73 -55 5 -11 -12 -21 -11
20 67 50 24 -31 -41 -14 -14
17 15 28 4 59 78 37 31
-2 7 1 -8 -4 3 3 11
5 -18 -9 -14 11 9 4 0
-13 -8 2 -5 -3 3 -3 -19
2 -13 -1 -4 -24 -32 -15 -2
2 19 -2 1 1 -8 -6 -2
0 -21 -7 6 -4 4 20 -2
