17 18 -18 0 3 5 1 5
14 30 21 -9 -3 -11 5 10
5 53 75 18 4 11 6 7
-9 -30 -17 -7 -9 -18 -7 -5
9 8 17 15 19 41 3 1
-41 -99 -66 -11 -9 -11 -12 -17
17 61 36 1 -2 -7 -1 2
-2 -4 -22 3 -1 -1 1 -1
-25 -42 -28 -19 -11 -15 -6 -5
13 -1 23 7 1 7 -1 4
2 -5 -11 -11 -7 -5 -4 -4
-4 -19 4 -6 -13 -15 -5 2
-2 3 3 0 13 15 4 -4
13 22 13 15 3 -9 0 4
-6 -35 -40 -8 10 36 5 1
38 86 61 18 14 15 9 12
-17 -37 -29 -13 -17 -24 -7 1
-16 23 -19 -7 -8 -4 3 -3
7 47 -8 -2 -4 -7 -5 -1
-14 -63 39 -2 3 3 -1 -2
11 80 12 10 -3 -7 -3 0
-11 -33 46 4 -4 0 -3 -3
0 -69 -53 -4 -6 -16 -5 -6
-44 -48 -78 -24 -10 -5 -10 -21
-19 -27 -25 -13 -9 -14 -4 -5
6 13 -10 11 3 2 1 2
-8 -16 0 -1 -7 -19 0 -1
16 21 18 2 14 32 7 6
-21 -70 -34 -7 3 42 -4 -12
13 82 1 1 3 -1 6 12
-22 -53 -6 -14 -13 5 -2 -1
36 61 31 21 7 3 6 7
-20 -37 -18 -8 -4 -15 -5 -5
1 61 42 17 6 -2 -1 -3
-9 -62 -12 -21 -15 -10 -8 -5
-6 24 -44 -10 -8 -8 -2 0
2 15 20 3 -3 -5 1 -1
-25 -83 -53 -12 -5 3 -3 -7
-6 31 -15 5 3 -4 -1 -3
-28 -70 -14 -8 -7 -4 -9 -7
6 31 36 9 3 -1 6 3
3 22 33 5 5 8 1 2
-10 -37 -28 -13 -3 0 0 -1
-21 -53 -34 -19 -6 1 -6 -6
3 11 -15 8 -1 -8 0 0
7 24 12 -12 -1 -5 -2 -3
-3 47 76 10 1 -4 -3 1
9 24 -1 3 2 -1 1 0
9 25 19 3 -2 -7 -1 2
-32 -122 -88 -29 -12 2 -7 -11
9 12 -35 -2 1 2 2 5
-18 -20 -26 8 1 0 -1 -10
0 -15 8 -4 -4 -11 -6 -4
5 27 51 12 3 8 7 8
18 77 50 10 1 -10 -1 -2
-8 -47 -31 -4 8 25 12 8
-4 -18 44 -7 -3 1 2 4
-7 -3 15 3 -5 -11 -12 -10
10 -10 -20 8 12 7 5 6
-6 -31 21 -13 -14 -17 -12 -11
-8 -35 -59 -20 -5 -5 -1 4
0 -13 -16 2 -6 -6 -4 -6
5 10 -29 -10 -5 -2 -1 -3
12 35 13 -3 -1 0 5 7
4 49 34 22 11 20 3 -4
-26 -83 -66 -19 -12 -9 -8 -9
-33 -73 -48 -2 -1 0 -2 -5
25 63 40 7 1 -2 -2 0
4 20 -40 -11 -6 -10 -1 8
3 63 48 0 -3 -6 1 3
18 77 48 16 8 6 -1 -6
-20 -45 -26 -19 -12 0 -11 -14
-30 -76 -108 -22 -13 -12 -9 -12
-5 46 47 10 9 5 6 3
23 49 -12 2 6 17 3 3
3 7 23 10 5 1 5 8
-11 -35 -65 -30 -15 -9 -7 -8
20 28 60 27 12 -2 0 3
-24 -48 -15 -11 -12 -11 -6 -7
-3 3 19 -1 1 0 1 -2
13 84 50 8 0 -4 1 3
-7 -38 -90 -27 -5 -1 2 5
-8 -67 -56 -5 9 2 -1 -2
-3 -7 -29 10 10 -3 3 3
18 61 91 16 2 20 -2 -5
-3 -63 -31 5 -6 -8 -4 -3
-13 -34 -24 -23 -13 -8 -4 0
-2 10 -10 -5 2 2 2 3
16 21 5 10 5 0 0 -3
-3 21 16 3 5 10 11 11
3 -2 29 -2 -4 -9 -8 -9
23 84 63 35 14 8 17 25
-5 -80 -31 -5 -6 -9 -10 -10
-16 25 -12 -15 -10 -9 -12 -15
16 29 4 9 -3 -4 4 10
16 118 53 10 11 6 6 9
-26 18 5 -6 -7 -5 -5 -9
4 -38 -33 11 7 3 1 -2
5 30 5 15 8 10 3 3
-23 -94 -79 -29 -12 -5 -8 -10
-9 -48 -51 -2 1 1 4 5
13 94 44 -9 -12 -6 -5 -3
2 77 40 7 -3 -5 1 7
17 -16 24 14 9 2 -1 1
-22 -64 -49 -34 -24 -24 -16 -22
15 93 71 13 13 19 7 7
9 22 -37 7 12 8 16 12
-13 31 25 -16 -21 -20 -18 -17
14 61 12 4 8 -4 6 15
9 48 36 4 6 19 5 7
-7 -60 -27 -7 -3 0 -8 -16
12 52 51 2 5 4 8 12
-24 -27 -28 -1 -5 -3 -6 -15
1 6 32 2 2 -8 -2 -2
16 76 52 12 0 -1 3 8
1 8 37 9 -4 -9 -8 -16
-21 -5 77 3 2 1 1 3
-10 -83 -61 -9 -11 -13 -5 -1
22 38 36 4 3 6 2 0
-36 -79 -1 -19 -7 -1 -11 -10
42 95 59 31 18 6 14 17
-7 -22 8 -2 -2 1 -4 -7
-18 -44 -39 -5 -14 -28 -5 -1
8 48 -36 0 7 25 4 -1
1 -16 0 -1 1 7 1 3
-1 -31 5 13 5 3 1 -4
-3 -49 -101 -30 -25 -12 -13 -10
-13 23 -45 -4 -6 -9 -3 -1
-9 -34 -15 -17 -14 -14 -11 -10
17 -15 -5 6 1 -2 3 5
14 105 127 21 12 8 5 7
-47 -128 -128 -35 -19 -20 -20 -27
5 36 31 2 2 5 4 9
2 4 -15 -12 -8 -8 0 -1
-20 -24 45 2 4 5 0 -7
6 4 -2 3 6 3 5 6
-3 -57 16 -4 3 6 -1 -4
-20 -32 -47 -11 -11 -18 -11 -10
-5 -2 8 9 8 -1 1 0
19 17 28 11 -1 15 6 6
-7 9 -80 -13 -2 0 3 5
-2 -16 -11 9 13 12 7 2
-23 -7 32 -6 -6 -8 -9 -10
-1 65 -40 -20 -4 -5 1 7
20 -5 4 4 0 8 1 0
41 76 26 23 8 1 4 9
-19 -40 -47 -11 -4 2 -4 -5
15 63 75 19 11 0 7 9
-25 -86 -75 -25 -12 -6 -7 -9
-4 -10 -7 -1 -6 -4 -4 -1
22 31 -8 5 7 7 9 13
20 1 28 9 2 3 4 4
-16 -45 -43 -8 -6 -8 -8 -10
-21 -55 11 -23 -15 -8 -8 -9
-9 -22 -20 -7 -5 -8 -5 -6
-10 -36 -8 0 3 7 0 2
12 102 76 12 2 -7 -1 3
-1 52 38 -7 0 14 8 8
-4 -35 -41 -18 -17 -16 -13 -15
1 9 5 0 -7 -8 -4 -3
36 80 19 28 30 25 16 17
-48 -25 -43 -48 -25 -7 -14 -16
12 50 28 22 17 15 10 13
-5 1 -49 -1 -6 -11 -5 -6
21 78 33 8 1 -2 7 9
-7 -32 -17 9 2 -12 -6 0
-9 -2 9 -14 -3 4 3 1
-3 -87 -53 -7 -7 -8 -4 -2
0 26 6 6 0 -6 -3 -1
2 13 -14 11 8 5 5 1
-17 34 13 0 -1 14 -1 -2
-10 -1 95 14 0 -5 -6 -5
-26 -72 -18 -19 -14 -6 -7 -8
7 6 -19 -4 5 -7 -3 -4
11 18 38 6 -4 -13 -4 -4
5 78 77 -6 -6 -3 0 1
-25 -111 -46 8 7 -1 -3 -5
2 -38 -15 -4 -11 -4 -9 -10
13 60 75 3 6 1 3 3
0 12 36 -6 -3 -12 -1 -1
18 100 6 2 3 19 8 13
15 67 4 6 7 3 8 7
3 -60 -27 18 6 1 1 1
2 1 43 4 -1 7 -3 -7
-21 -37 23 -3 -9 -11 -7 -13
-6 9 -6 -1 -4 -3 1 -1
9 12 10 4 1 5 2 1
-15 -77 -104 -12 5 1 -1 0
26 93 90 16 -3 -1 4 6
5 23 6 4 5 8 6 7
-19 -92 -125 -32 -13 -13 -16 -18
0 71 -8 14 8 8 5 5
7 -6 -49 -2 -4 -4 -1 0
4 -22 -32 -1 4 4 2 0
-2 63 72 -11 -11 -8 -6 -5
16 48 -16 -1 -5 -6 2 4
-44 -106 -70 -31 -16 -22 -19 -23
4 31 29 2 -4 -11 -6 -1
7 -33 -41 7 21 35 17 10
17 58 67 12 7 14 3 3
-4 27 11 9 -4 -17 -5 -7
-14 -6 17 -12 -12 5 0 -1
-23 23 5 -5 -6 -12 -11 -14
6 -16 -32 -1 2 -1 1 2
3 65 9 3 0 4 4 7
13 19 -5 -2 5 -2 2 7
-15 -23 -83 -15 -11 -10 -8 -7
4 42 92 9 -6 -2 0 3
-33 -101 -31 -14 -6 -8 -10 -13
-26 -52 -66 -30 -19 -10 -10 -10
6 1 10 -2 1 -6 3 7
11 57 5 16 16 12 12 8
-10 -9 3 2 -7 -2 -9 -20
5 78 65 8 3 1 1 8
-12 -53 -23 -1 -5 -4 -7 -4
-8 -7 3 6 -1 -6 -2 -2
21 36 12 8 6 9 10 15
-25 -13 -4 -3 -1 -14 -8 -12
-3 -12 -30 7 5 14 6 0
-23 -76 -58 -27 -19 0 -11 -13
4 20 -14 9 9 14 6 7
16 18 -27 13 6 -5 3 2
-7 7 15 -8 -4 -6 0 5
17 36 70 28 14 -3 2 3
-44 -111 -93 -46 -27 -20 -14 -11
-22 -63 40 5 -9 -4 -7 -14
22 38 29 23 11 4 3 -1
-18 -38 -9 -6 -8 -6 -5 -1
24 -17 -3 3 0 -7 -3 4
-24 -77 -81 -9 -3 -3 -8 -11
0 -18 39 3 -3 0 1 4
7 -7 -18 -10 -5 -3 -3 -1
11 59 38 9 15 16 13 15
21 27 63 -2 -2 -1 -2 5
15 6 2 -11 -2 -1 0 -1
-32 -65 -91 -19 -9 -14 -8 -9
-1 11 95 10 4 7 3 1
11 1 63 25 16 15 5 0
0 48 1 -11 -6 -12 -4 5
20 32 62 15 11 17 10 7
-29 -13 -38 -6 -4 -1 -1 -3
31 21 12 5 5 6 2 7
-14 -5 32 12 -1 -11 -11 -10
-13 -96 -113 -13 -7 -7 0 0
-35 21 72 -19 -12 -12 -18 -23
-33 -104 -123 -40 -18 -9 -10 -12
14 66 79 10 6 5 -1 -7
-8 11 -15 -14 -4 1 2 4
4 -17 41 19 4 -1 -3 -2
13 62 52 -1 -2 -1 5 11
9 -19 -57 -7 -3 -3 -1 -1
-1 6 -7 3 10 11 2 -2
12 68 -41 -8 -3 1 10 18
26 37 -25 18 16 7 4 2
-2 36 10 6 -3 -4 0 4
18 83 37 0 -1 9 -2 -3
33 95 60 13 6 1 6 6
-9 -11 -13 2 5 6 9 8
34 84 6 6 12 16 24 31
-59 -128 -67 -45 -46 -43 -44 -51
16 58 67 26 8 1 0 4
29 124 38 7 -1 1 0 5
-4 31 105 22 8 3 -3 -4
13 2 -49 -2 7 6 11 13
14 -18 -36 11 11 7 5 3
-25 -75 -18 -29 -22 -17 -7 -6
-47 -59 -31 -15 -10 0 -12 -23
6 -2 -23 27 3 -8 -5 -3
-10 -26 -6 -3 3 3 -1 -3
26 90 29 16 13 8 10 17
15 -25 -26 -17 -3 0 2 3
-9 74 112 3 7 8 11 11
2 62 84 15 -6 -9 -9 -9
-26 -23 -36 -9 0 -6 -7 -10
4 34 29 1 -7 -4 4 4
-7 -41 -50 -24 -9 -7 -6 -9
-1 -44 -1 -12 3 5 4 2
-18 88 108 30 1 1 2 -2
-35 -56 -8 -7 -19 -17 -19 -18
-5 -79 11 -17 -16 -14 -11 -10
-9 -23 -38 -26 -5 2 2 2
23 38 3 30 8 4 8 12
3 -9 31 5 5 4 -2 0
-7 -4 -53 -4 -2 0 -1 0
19 15 -49 -2 1 -1 -1 0
-21 -37 19 -12 -6 1 -2 -4
-6 -2 -31 -4 -2 1 6 7
-14 -19 -45 -9 5 -2 -3 -2
29 69 -30 4 1 5 5 6
-63 -128 -113 -52 -28 -21 -24 -29
3 -43 -73 -6 5 4 2 0
-25 -73 -8 2 -4 -4 -9 -9
3 84 14 6 -4 -6 -2 -3
14 -9 -21 -24 -14 -7 -6 -10
9 55 43 24 8 -1 2 6
10 74 41 11 11 5 4 7
25 52 65 -1 1 1 2 6
-25 -66 -58 -20 -9 -5 -10 -11
9 -1 -22 -7 -3 -5 -3 2
16 49 -26 6 9 7 6 5
-14 24 -84 -2 17 21 21 21
16 97 112 7 -19 -27 -24 -28
-70 -117 -117 -70 -29 -24 -25 -28
9 68 104 51 10 3 7 12
-15 -101 -62 -8 -3 -4 -10 -16
51 89 35 8 20 20 20 24
-35 -63 -78 11 -8 -4 -5 -7
-17 -58 -4 10 16 5 -3 -10
-11 -80 32 -7 -17 -12 -9 -11
37 96 34 26 21 17 19 22
-6 -23 13 -32 -17 -10 -10 -6
21 22 -51 22 5 4 3 -2
-12 -20 -49 -27 -19 -7 -5 4
-24 -92 -63 -22 -11 -8 -8 -9
52 85 37 80 32 22 22 21
0 -27 3 -28 -12 -8 -6 -8
11 -5 39 13 6 -3 -3 0
11 -16 -4 5 -1 -2 1 -1
-6 -9 25 12 8 1 -2 -4
7 15 -12 -2 -1 -1 -4 -8
-47 -40 24 -18 -16 -12 -12 -15
-10 8 -43 -6 3 4 4 6
32 94 114 12 -13 -3 -3 2
-3 57 41 14 11 -4 -7 -5
-10 -63 -48 -22 -5 -2 -5 -8
25 51 0 -4 2 5 7 13
-16 96 83 -17 -23 -19 -19 -26
-59 -74 -52 -12 -27 -24 -18 -21
-3 12 5 27 28 16 15 15
18 12 38 -5 -16 -5 -5 -5
0 -83 -53 41 19 2 -2 -8
17 9 -15 44 25 11 15 26
34 59 -26 -13 -11 -9 -12 -14
-31 -28 -9 23 20 10 6 3
27 67 49 -3 13 12 15 20
7 -16 35 -27 -29 -12 -10 -1
3 3 20 5 0 -1 3 2
22 -15 7 33 28 16 7 5
11 -26 -16 -27 -17 -8 -4 -1
-4 -42 -24 -57 -10 2 4 6
35 40 -4 -39 -2 2 0 -2
-21 -24 -62 -35 -14 -11 -9 -8
-24 -84 -69 -13 8 7 7 10
29 43 92 58 26 17 16 15
-13 -5 17 -20 -6 -1 1 0
-6 43 9 -5 -4 -4 -5 -8
-7 40 -20 6 17 10 11 12
14 45 56 -20 -22 -9 -11 -12
13 24 -4 -8 -1 1 11 23
-2 12 26 35 8 -8 -9 -10
13 -16 20 -35 -22 -10 -9 -6
11 84 74 7 16 16 20 22
5 16 73 55 13 2 2 0
-2 5 31 -18 -26 -12 -7 -6
-11 -66 -60 8 18 2 0 2
-22 30 18 -22 -11 -5 -6 -6
-32 -102 -126 22 6 1 -4 -10
2 -11 50 -35 -18 0 4 7
40 98 11 13 18 18 17 19
-63 -114 -128 20 -3 -15 -26 -45
-15 74 48 -27 -26 -15 -9 -2
14 47 -6 14 15 8 10 9
-17 -18 1 -23 -19 -12 -13 -20
19 109 26 -6 -2 2 8 21
-4 8 -11 8 -3 -5 -8 -14
-39 -109 -93 3 2 -5 -7 -11
-16 -2 53 -6 0 0 -2 -3
58 127 78 14 7 6 8 15
4 37 62 1 1 -4 -4 -2
-7 -6 -78 -2 0 1 2 10
-54 -39 -34 -62 -46 -29 -33 -44
29 -18 -31 19 8 5 6 9
18 52 -38 39 31 19 18 20
8 -10 -51 4 -4 -4 -11 -13
-4 -42 -27 -19 -6 -3 -1 4
-50 -58 -64 -61 -26 -16 -18 -24
-29 -33 -2 -13 -19 -16 -16 -18
29 76 68 -9 -6 -1 1 4
-15 -9 -53 -2 5 5 3 4
44 37 24 -58 -30 -7 -4 -5
-9 25 108 71 20 -2 -5 -4
-18 -77 -82 -14 14 8 6 -2
14 53 12 -13 1 5 9 10
1 -56 0 7 10 5 8 13
6 -53 -91 -72 -18 -1 -5 -2
50 115 127 49 12 6 6 10
3 55 79 68 17 7 8 8
-3 -9 24 8 3 1 -3 -5
-23 -80 -90 -20 -14 -10 -6 -5
-21 34 54 18 5 -2 -3 4
-10 -64 -55 3 -7 -9 -12 -16
26 108 76 -16 0 7 8 5
-9 -33 -17 -12 -15 0 1 3
23 92 66 45 18 3 4 4
-15 -25 -49 -12 -11 -10 -10 -11
-16 -15 3 -8 6 1 -1 -8
-6 -45 -9 9 6 7 6 4
-13 -82 -69 -18 -1 2 -3 -9
11 5 -49 20 15 8 11 21
-9 -23 25 -5 -17 -20 -15 -20
20 94 18 -31 -13 -5 -4 -4
-4 -72 -57 -13 1 4 1 2
15 63 33 53 27 8 5 3
-35 -43 -37 -83 -49 -20 -16 -13
7 60 60 61 32 16 10 9
-16 47 18 -8 -15 -9 -7 -6
-1 -30 -68 -31 -4 4 0 -5
27 -54 -90 25 -2 -8 -8 -5
9 -29 19 4 -16 -8 -6 -10
-26 -9 14 -8 0 -3 -3 -7
3 13 10 13 0 2 3 -2
18 40 20 19 20 15 13 15
-51 4 -70 -59 -20 -9 -9 -14
5 -5 34 65 29 12 8 3
3 -13 -10 -23 -27 -20 -13 -7
-10 -6 5 43 14 2 5 4
24 35 8 26 11 0 4 5
-21 -9 30 11 6 1 1 -2
13 31 38 -3 -1 4 1 -2
-23 14 20 42 19 7 5 2
28 21 3 -11 7 8 9 13
-31 -98 -63 -21 -20 -18 -19 -19
-4 20 69 -10 -2 1 2 -1
13 30 -61 -10 5 1 3 8
8 9 15 -17 -7 -8 -7 -5
28 54 -15 15 2 0 -1 -1
2 15 -12 17 13 1 -1 -1
-9 0 -13 -20 -9 -5 -2 6
-2 -45 9 26 15 2 3 -1
-37 -86 -17 -15 -17 -5 -6 -9
35 101 -24 -23 5 5 9 17
-7 -6 -64 -4 -13 -36 -11 -2
2 33 64 14 7 32 6 -1
42 97 55 -6 19 30 21 23
-26 -57 40 -3 -6 5 -5 -7
-15 29 44 8 3 -1 -2 -1
-7 -24 -50 6 9 -11 -5 -2
27 83 -4 -29 -3 10 7 11
16 62 68 26 22 20 7 5
-11 -48 -16 -44 -22 -4 -3 -5
6 72 37 15 -1 -15 -3 -2
-7 -64 26 -3 1 -4 -1 -2
-8 -58 -74 -39 -20 -21 -9 -6
-3 -65 6 9 -9 -9 -6 -9
16 -37 -26 0 1 3 -1 -4
-5 34 36 -10 -9 -7 -1 2
-7 53 3 18 5 -2 -3 -2
1 4 -7 -1 9 13 5 0
-47 -68 -18 -13 -11 -4 -3 -4
-20 -37 7 28 -11 -20 -15 -17
1 -6 -23 18 -6 -7 -5 0
6 51 78 31 19 21 15 13
-21 10 -39 1 2 -1 -2 -1
-22 -128 -80 -24 -13 -10 -5 -4
-16 0 18 1 -7 -10 -9 -9
-12 -35 -47 -23 -21 -15 -14 -10
21 21 49 7 3 1 10 14
-31 -77 -67 -49 -20 1 -12 -17
14 15 14 9 10 10 7 2
-3 -2 -12 4 3 9 2 -2
8 -65 -65 -11 -7 -5 -1 -2
4 65 71 18 -3 -8 -1 2
-11 -64 -48 -11 -4 -4 -4 -6
35 104 39 26 7 5 0 -2
12 44 74 16 7 2 -1 5
12 97 57 -6 -5 -6 -4 0
-17 -57 -15 -6 -4 -5 -3 -2
15 29 37 32 15 4 2 7
-40 -33 -59 -52 -13 -7 -14 -20
24 70 16 14 6 5 11 13
3 30 21 -14 4 2 7 9
-31 -94 -23 -2 7 5 2 -6
-16 0 -17 -6 -10 -8 -13 -18
-10 -25 -20 1 3 -2 0 3
26 77 37 -3 -7 -1 -3 -2
-7 -39 4 -32 -17 -3 -6 -5
3 -2 34 5 7 6 5 8
-6 -35 -47 -17 7 -3 -2 -5
-24 -63 -23 -26 -12 -6 -2 2
27 41 -13 30 37 19 20 22
20 8 35 -2 -14 2 -4 -9
-11 -57 -23 -27 -17 -6 -6 -4
9 65 22 52 16 2 5 2
34 30 -18 -8 5 -7 3 9
-26 -53 -27 0 -5 11 -3 -10
7 39 -84 3 11 10 12 10
0 14 44 -35 -12 2 -4 -4
-3 -9 -8 7 -4 -6 -6 -5
27 84 53 25 15 2 8 16
-4 -49 -34 -44 -14 -9 -7 -9
16 18 -19 18 1 -1 4 5
-29 -41 20 0 -14 -8 -10 -13
36 61 57 -15 -1 0 4 11
-10 -41 -63 -3 2 2 -1 -6
-29 -68 -76 -42 -26 -20 -17 -21
-16 -41 -72 18 5 3 -3 -10
27 28 24 5 -3 1 5 15
-15 35 77 25 13 5 2 -2
-4 -40 35 10 2 1 -1 -6
2 31 -29 -22 -7 3 0 1
-19 -36 -65 -25 -13 -10 -8 -7
37 65 57 -7 -15 -10 -11 -11
-9 57 61 18 7 4 2 3
8 91 59 3 8 2 9 13
-8 -11 -27 12 7 -4 -3 -10
-19 -33 -6 15 6 1 0 -5
30 46 -27 12 12 15 13 13
-20 -58 63 -16 -15 -16 -19 -20
-17 10 -26 -6 -1 -6 2 4
11 42 34 8 -3 -1 4 6
42 43 25 -17 -8 -2 1 4
8 45 -19 19 17 8 5 5
1 -21 -7 -37 -15 -8 -4 -2
-5 1 -16 -3 -8 -9 -7 -4
29 40 57 43 24 12 11 20
-25 -89 -33 -15 -21 -15 -15 -20
5 70 -64 13 14 7 4 1
-11 -55 16 25 -9 -9 -9 -4
-5 41 2 1 2 -2 1 2
-32 -47 -78 -61 -24 -9 -8 -8
15 47 43 34 15 4 6 8
-39 -106 -75 -22 -1 -6 -2 -5
-8 -53 -86 -26 -5 5 -6 -12
-31 38 89 -4 -17 -5 -7 -8
2 -27 8 5 1 -6 -2 -2
13 22 -13 -10 2 2 5 4
-23 -9 2 -1 -3 -7 -4 -4
17 22 -94 -50 -12 -6 -5 2
-18 -48 -35 11 -2 2 4 1
28 101 111 49 4 -6 -6 -10
-45 -64 -114 -22 -12 -15 -11 -9
20 -28 -5 14 -5 -2 4 4
1 -1 33 11 7 4 3 6
-3 -41 -94 -28 -5 7 1 3
6 7 53 29 11 -1 -3 -5
22 65 -2 35 17 9 11 12
-36 -96 -45 -42 -22 -8 -7 -6
28 45 12 19 16 10 8 8
4 13 112 -21 -27 -16 -11 -12
4 -36 -24 15 16 6 5 3
9 7 43 26 15 5 3 5
27 63 22 -42 -2 4 5 7
-12 -83 -87 -20 4 5 4 4
17 97 51 9 4 5 7 6
-43 -45 -38 -27 -26 -21 -20 -20
-36 -47 -27 -47 -34 -17 -15 -11
-1 -20 -41 -20 7 4 4 6
34 -17 15 0 -4 -4 -2 6
21 106 86 27 22 13 4 -1
-5 -46 -41 1 -7 -5 -2 -1
-9 23 46 -15 -10 -5 0 6
-5 -69 4 -6 -6 -6 -8 -8
37 119 108 63 31 15 13 12
-19 -31 -7 -2 -14 -10 -13 -15
8 83 -5 24 10 6 7 6
-4 -15 84 34 1 5 7 8
7 -56 -41 -17 -9 -9 -11 -13
-3 40 12 2 5 -8 3 4
-3 -32 -19 7 6 6 -4 -11
-17 68 27 -16 8 13 8 7
-12 -37 -59 -22 -16 -11 -13 -16
27 102 112 44 23 8 9 13
-16 -117 -81 -14 -17 -11 -15 -23
-24 -54 -22 -3 -11 -12 -12 -14
6 40 18 -20 -7 -2 1 0
9 -3 -17 -16 6 7 8 10
14 77 99 29 8 0 4 3
-19 -31 -38 -4 -8 -6 -10 -17
-10 -69 -66 -24 -11 -6 -5 -1
12 67 116 -5 -12 10 7 0
-15 -31 -40 -30 -2 -5 -6 -3
-10 3 -47 -7 2 -3 -8 -7
-24 -54 -92 -10 -5 3 4 3
0 44 36 -13 -13 -11 -10 -8
-15 -45 67 54 11 2 2 -1
31 111 80 -4 9 11 12 14
-6 -30 17 -14 -5 -5 -6 -5
-14 -27 -69 20 0 0 2 2
-7 -108 -49 -23 -14 -9 -7 -8
18 81 39 17 7 3 5 6
-7 40 50 37 7 5 6 7
7 12 -29 0 13 8 5 4
0 45 18 -8 4 2 5 5
-44 -119 -100 -20 -7 -6 -8 -11
0 -27 -2 -31 -19 -11 -4 4
6 24 -59 -47 -13 3 -5 -8
1 18 1 35 12 7 11 16
31 79 42 32 20 12 8 14
-18 -60 -66 -10 -5 -5 -8 -16
-31 -51 -16 12 4 -1 2 -2
-21 -60 -82 -72 -36 -16 -12 -6
-19 -65 -61 2 -3 -1 -6 -9
42 118 52 32 17 5 3 4
0 -31 21 25 6 2 -1 4
22 36 -21 20 8 1 -2 -7
6 25 -36 -7 5 4 2 -5
4 9 7 -27 -9 -2 -1 0
-33 -55 37 -3 -20 -17 -16 -14
16 43 13 -15 0 5 2 4
8 43 51 -4 -2 -2 0 1
-9 -62 -51 1 1 -2 -4 -5
11 61 55 2 5 4 6 7
33 127 48 36 14 8 10 18
3 -6 40 6 -6 -4 -3 -5
-14 -34 -25 31 11 5 2 -5
12 27 -17 21 18 5 9 13
-18 -63 13 -48 -29 -15 -17 -17
-25 4 -45 27 17 11 7 4
17 -20 -6 -20 -12 -2 2 7
-14 -49 -58 -16 -13 -13 -14 -14
10 -25 3 22 1 -3 -1 -3
35 5 29 -1 2 0 1 4
-62 -69 -64 -60 -31 -21 -28 -34
-28 -38 -65 -9 -7 -9 -9 -12
-10 -43 -41 -64 -19 -7 -2 2
-20 15 72 -5 -7 -6 -3 1
-8 120 28 17 15 9 11 13
14 -10 -3 7 6 4 2 -1
-8 45 -24 -2 -6 -5 -2 -5
15 -35 -4 -3 -1 -1 2 5
10 64 68 70 17 7 7 9
-37 -103 -16 -19 -5 -5 -4 -7
17 78 32 19 14 10 7 7
-14 -40 -77 2 -5 -6 -8 -10
29 63 41 -7 0 3 -1 -2
15 29 38 35 7 1 4 9
-25 -53 -19 4 -5 -6 -10 -12
-13 45 14 16 8 1 2 2
-11 -23 12 -29 -18 -11 -8 -2
21 63 -11 -2 -8 -3 -4 -2
-2 13 0 11 6 3 3 0
4 -39 -76 -23 -14 -8 -2 0
22 44 55 16 16 9 7 12
31 97 100 -5 13 13 14 15
7 -31 -20 10 -12 -13 -14 -13
-9 -16 6 -6 -8 -5 -3 -5
20 21 50 32 1 -1 5 9
21 1 -32 -14 0 6 2 10
19 37 56 27 11 0 4 5
-47 -58 40 -32 -36 -27 -26 -33
-17 -75 -66 -30 -3 8 4 0
-27 -71 -80 -36 -19 -10 -15 -18
-9 -6 11 17 7 10 9 8
35 21 11 34 23 10 11 11
-22 25 -20 -46 -28 -19 -16 -9
-16 25 -29 -14 -5 -1 0 -1
-20 -70 -66 -8 -5 -4 -6 -7
11 9 -26 1 2 8 5 4
32 15 -3 17 14 7 8 7
-8 33 63 20 10 -1 -4 -1
4 4 -65 -35 -13 -6 0 2
-16 -20 13 -16 -8 2 -4 -10
20 -1 -76 -37 -16 -8 -8 -11
-12 26 51 25 10 3 -1 -4
12 78 86 34 19 7 7 10
-17 -49 -97 -17 -7 -5 -6 -7
35 79 91 28 18 10 14 22
-31 -87 -105 -11 -5 -5 -3 -8
10 49 35 -16 -2 -1 -4 -5
13 41 -11 -23 5 3 7 15
16 61 103 63 30 14 11 7
4 48 -31 -6 -7 -2 0 -1
-13 -19 -3 -2 -4 3 -1 -4
20 25 8 9 2 -3 -1 6
-19 -88 -46 -44 -21 -10 -12 -15
11 3 70 -7 -1 -2 -2 -4
-16 -25 -30 5 -4 -8 -5 -7
14 62 59 35 29 12 12 10
-34 -58 -17 -34 -19 -7 -8 -9
-33 -67 -34 9 0 -7 -8 -12
10 7 -35 -13 -7 2 4 3
-17 -58 6 -11 -13 -7 -7 -4
-7 32 8 15 6 2 2 3
0 -83 -69 -23 -4 4 2 1
38 88 102 17 11 7 3 1
-21 21 -94 -26 -13 -9 -8 -9
-16 -76 -79 -21 -12 -9 -8 -7
9 24 17 -22 -7 0 0 7
8 -23 7 -9 -5 -2 -1 -6
17 45 21 8 3 0 -3 -3
26 45 35 5 -5 -9 -11 -3
5 -38 -32 -3 4 1 6 3
-36 -68 25 -3 -6 -5 -7 -10
-8 57 52 9 2 8 1 1
4 65 24 -4 -2 -1 1 0
11 113 127 64 13 6 6 6
29 104 62 6 -7 -1 2 11
-4 13 46 -14 -6 -10 -8 -9
0 -35 1 -1 -2 -1 2 -1
16 28 0 17 5 -4 1 2
13 96 19 9 16 8 12 23
-45 -94 -90 -25 -21 -15 -18 -21
17 78 -6 -1 -6 -6 -2 1
-13 -47 -2 -2 -8 -2 -15 -18
-23 -65 -68 2 4 3 2 4
11 14 31 0 0 0 -1 0
-24 -58 -39 -17 -9 -5 -3 -6
10 14 29 28 14 2 7 6
-27 -78 -78 -22 -10 -5 -8 -8
19 26 44 24 11 7 8 8
0 92 57 -15 -10 -6 -3 0
-20 -26 -42 7 18 4 -4 -9
9 6 29 5 9 4 6 4
-16 -52 -6 -7 -9 -6 -3 -1
-29 -39 -34 34 11 2 1 -9
-3 -10 -5 -22 -18 -9 -11 -11
-4 -35 -62 -13 -6 -1 0 1
14 34 25 10 4 -1 3 5
23 44 46 35 24 16 12 12
17 93 14 -7 -1 4 8 13
-29 -67 -71 -23 -16 -11 -13 -22
-11 -10 69 0 -5 -4 -6 -9
5 39 12 0 0 5 13 13
-24 -31 8 -32 -19 -14 -15 -19
-32 -69 -2 -6 -2 -9 -9 -13
4 18 -120 10 10 8 3 3
-9 10 31 11 5 5 3 6
-60 -95 -106 -69 -40 -27 -25 -27
17 91 85 19 11 -3 -2 -4
-5 -20 -8 -17 -11 2 0 -1
5 -22 -37 -19 0 4 -2 1
18 28 2 17 11 12 7 11
-46 -83 -68 -15 2 3 -4 -15
-23 -55 -32 -24 -23 -14 -8 -10
3 -23 -48 53 21 -1 -3 -4
21 1 17 -1 4 10 15 19
-18 41 -55 -16 -15 -8 -7 -2
10 -9 -4 -12 -9 -5 -3 2
1 -67 -26 12 0 3 -2 -3
22 12 11 22 12 6 10 9
32 42 55 21 -1 1 3 16
7 25 11 -5 -2 -2 2 6
-10 -23 4 -31 -19 -9 -9 -11
19 37 8 21 15 6 5 9
19 28 37 9 9 8 4 4
-6 30 -27 -1 5 3 7 6
-4 -19 -9 -13 -7 -5 -6 -8
17 83 41 7 2 1 5 7
7 -49 19 -6 -9 -3 -5 -3
11 -53 -69 -2 9 1 2 4
-23 -8 15 -7 -13 -13 -12 -12
2 35 25 -38 -7 3 -1 -2
-17 -2 -18 -31 -18 -14 -9 -11
34 46 50 49 36 27 20 18
-15 -24 27 -19 -6 -2 2 5
-50 -99 -112 -30 -21 -18 -16 -15
47 29 82 53 24 13 17 21
13 -47 -5 -2 -12 -14 -18 -21
2 66 -2 -7 9 8 11 13
-2 -36 -41 -23 -16 -8 -10 -10
-5 0 8 13 9 3 0 4
-7 14 5 1 -2 -3 -5 -4
-2 19 -13 6 -1 4 0 -2
-6 -70 10 12 3 -4 -5 -5
0 -6 -30 -3 -5 -4 -10 -11
16 45 33 0 -4 -5 3 10
-10 10 -24 -27 -4 -3 -5 -6
-12 -43 67 26 7 0 0 -3
13 18 4 10 7 6 3 1
-54 -88 -45 -27 -12 -10 -12 -13
2 13 80 22 0 -2 -5 -7
39 79 -25 47 25 16 18 21
-3 0 4 -20 -7 -4 -4 -5
9 41 -5 -13 -2 5 6 4
17 59 65 56 20 8 5 7
-26 -19 -42 -26 -16 -4 -2 -3
-9 50 9 -9 -4 -4 -1 -2
6 20 11 3 3 1 1 8
10 -10 -28 12 1 1 1 -3
35 71 69 -7 -4 -3 -3 2
-25 -2 10 12 1 2 1 -6
1 24 20 17 6 3 5 4
19 -7 4 -11 -2 -1 0 4
-72 -85 -73 -64 -46 -28 -26 -33
32 103 43 2 2 -3 -5 -5
-37 -63 -40 2 0 -5 -4 -10
5 61 -9 -25 -17 -10 -2 4
22 47 42 20 11 7 11 14
-19 14 -6 -29 -14 -11 -12 -16
4 26 96 40 7 0 -5 -12
0 15 3 -2 6 0 -1 -1
24 6 11 7 15 13 10 9
-3 -40 20 0 -6 -3 3 6
2 57 72 -11 -5 2 3 10
-22 -62 -76 -2 -3 -2 -4 -6
51 98 1 16 17 11 10 14
-8 -58 13 15 -2 -7 -10 -17
-20 -35 -64 -30 -27 -19 -11 -10
16 65 45 -11 0 3 4 10
-16 -40 -22 18 19 7 6 3
16 46 42 14 7 6 3 11
5 53 -14 7 -6 -5 -3 4
-6 -65 -67 -30 -12 -7 -6 -5
12 22 18 1 -5 -6 -8 -7
-23 -62 -75 13 7 -1 3 1
17 4 18 -2 5 4 4 3
7 16 13 4 6 1 4 6
-14 2 -16 2 -1 -4 -6 -5
7 25 20 -17 -10 0 3 2
19 61 62 3 7 1 1 4
-2 -35 -7 -31 -15 -8 -6 -7
-12 28 14 19 7 -1 -1 -7
10 55 57 17 16 8 6 8
1 -25 3 -12 -5 -3 -8 -9
-14 4 -5 -16 -14 -8 -6 -7
5 -36 -58 -2 -7 -1 0 5
13 67 33 32 12 4 6 12
-15 -10 -50 -15 -5 0 -4 -6
-70 -120 -73 -23 -25 -22 -27 -32
-3 9 16 -19 -13 -2 1 0
1 -14 -33 -1 10 6 3 3
10 31 -2 -2 4 2 1 2
1 13 50 16 -5 -3 1 1
-15 5 26 6 -2 -3 -6 -7
-14 -60 -63 -47 -17 -11 -12 -13
-4 -32 15 16 9 4 3 0
14 -8 13 25 17 12 10 8
17 66 73 0 -8 -6 -3 3
-10 -79 -67 -3 -12 -6 -5 1
17 -8 0 -18 -11 -3 -5 -8
16 -19 -19 -12 -4 -1 -1 1
-33 -40 10 14 13 5 5 -3
-18 2 66 7 -6 -4 -6 -8
9 48 28 -12 3 4 11 16
-24 -84 -73 -34 -21 -15 -19 -24
-12 43 0 -1 4 -3 -1 0
-6 5 -43 -11 -1 0 0 -3
-25 -32 -33 10 4 -1 -6 -8
10 49 44 23 17 11 12 14
22 -43 -29 -17 -7 1 -1 -1
-8 -6 -27 13 7 0 -1 -3
-12 40 26 -2 -9 -12 -10 -9
-7 -9 -101 -25 -2 -2 0 3
-11 -75 -1 31 1 -2 -3 -2
22 48 37 -1 0 5 6 10
7 7 -8 -2 -4 -5 -2 2
6 49 34 -9 3 9 6 4
12 72 45 53 33 20 18 18
-55 -116 -44 -16 -10 -12 -16 -25
-34 -58 -69 -9 1 0 -2 -6
-12 41 28 -11 -16 -15 -5 -3
6 40 7 -20 -9 -7 -4 1
-5 48 1 -4 2 9 12 13
9 0 11 15 -2 -1 -4 0
12 33 51 22 16 9 6 5
-43 -96 -115 -17 -5 -8 -10 -11
4 -35 -52 -9 -2 -11 -9 -12
13 -4 -3 -18 -12 -4 -7 -10
8 40 16 -6 -9 -3 2 4
11 -10 -6 14 9 3 -2 -5
-35 -40 -66 -39 -21 -9 -9 -10
-5 0 -19 15 17 8 9 3
11 53 30 10 2 3 4 4
24 103 96 -10 -9 -6 -5 -3
-14 -68 -47 -20 -12 -6 -6 -4
4 -5 -69 3 1 7 3 2
-21 -14 94 27 10 -2 -1 -8
7 -3 -23 -9 -9 -2 5 14
30 32 -30 4 6 2 1 3
-27 -60 50 -31 -25 -19 -15 -16
20 20 11 36 16 7 3 2
-19 16 -9 -8 -3 -2 -1 -2
6 43 30 6 15 11 11 13
-13 -44 -5 35 11 0 -6 -4
0 -28 35 -15 -2 -2 -6 -9
-18 -34 2 -12 -10 -10 -5 -12
7 54 7 -10 -12 -3 0 4
18 55 22 7 5 1 2 1
4 -18 -31 9 2 1 -2 4
37 80 29 -15 -1 4 3 9
27 21 6 22 16 11 9 7
-29 10 -31 -11 -3 -4 -5 -9
-19 -73 -100 -16 -8 -8 -6 -5
6 40 26 -7 -11 -3 -2 0
8 16 15 -5 -2 3 8 10
8 66 75 19 6 6 7 17
-8 -8 24 1 -4 4 0 -2
-17 -67 -59 13 24 5 -1 -3
42 86 44 -4 -12 -8 -7 -6
23 44 82 4 -5 -2 1 5
-20 -59 -94 -30 -11 -6 -4 -2
10 10 28 11 3 4 -1 -1
-3 20 46 8 -1 0 -5 -5
5 -21 -13 -25 -8 -4 4 3
26 52 44 6 3 1 3 9
-12 -17 -18 5 1 1 -3 -9
-23 -70 -101 -36 -8 -5 -4 -6
3 -17 -12 3 -6 -8 -7 -5
-19 -81 -56 -1 1 1 0 3
19 21 19 11 6 0 1 0
-16 -7 8 5 -5 -5 -4 -1
22 74 -11 -3 2 0 6 8
-7 -18 -50 -1 -1 -3 -4 -6
-14 -73 -41 -38 -14 -8 -9 -11
-2 -1 3 22 0 -6 -5 -4
-6 -26 -3 7 3 3 2 3
-4 12 35 -5 -7 -3 -4 -2
-5 14 4 9 3 -2 -1 -1
5 37 44 13 10 5 6 2
-9 -29 -30 -13 -11 -5 -5 -10
17 20 9 4 2 -1 1 3
-5 6 -4 4 -10 -6 -4 -4
31 -8 -6 20 19 12 8 8
-21 -59 5 7 11 3 1 1
-41 -62 -60 -40 -20 -9 -12 -16
36 89 76 -21 -7 -2 0 6
-8 -6 53 28 5 -1 0 -1
23 10 -24 -2 -5 2 -3 -1
-23 -50 -23 -17 -10 -8 -8 -9
-29 -84 -50 -43 -21 -8 -4 -13
15 84 15 25 11 -1 -3 -2
-32 -60 27 3 -3 -1 0 1
25 15 1 15 7 1 1 3
7 9 36 12 1 -2 -1 -2
-15 -46 -16 -19 -5 9 3 2
-4 15 -27 -2 0 -11 -5 -5
33 57 -34 13 15 13 13 17
-41 -36 14 -6 -10 -11 -13 -11
4 8 -53 -39 -17 -10 -4 -1
-16 16 -3 -12 -6 7 5 8
6 -47 6 7 6 2 0 -6
4 65 17 -12 -12 -7 -11 -14
-37 -83 -35 7 1 -1 -6 -10
8 82 17 -12 4 1 0 4
-6 46 59 18 8 1 1 1
-3 -92 -55 -13 -5 -3 -2 0
27 69 58 1 10 8 11 14
25 49 11 3 -11 -8 -10 -16
-1 56 11 -7 -12 -7 -3 0
5 -55 -24 35 17 6 1 1
-30 -50 -37 -17 -16 -9 -11 -8
5 -25 -15 13 12 7 8 8
-9 -16 -32 -16 -8 -1 -1 -4
0 -30 -56 -16 -14 -8 -5 -3
7 18 59 22 19 6 5 5
0 -18 -12 6 6 4 1 2
-28 -104 -38 -26 -11 -5 -4 -5
21 127 45 47 12 5 6 11
8 17 58 10 5 5 10 14
-12 -82 -47 -12 -7 -11 -17 -28
20 95 77 8 3 4 5 6
11 33 -18 10 12 6 9 8
21 51 19 -29 -20 -12 -8 -5
19 81 88 32 7 4 3 5
9 54 26 31 12 3 1 -2
-38 -81 -72 -37 -19 -8 -11 -12
-18 -45 -53 -26 -11 -11 -13 -11
7 48 17 -11 -4 3 11 10
-10 50 45 23 9 1 -1 -2
6 -18 42 -4 -8 -6 -6 -6
