10 -21 -2 12 -17 -23 0 2
-3 30 -14 -14 4 11 0 -28
1 16 25 7 -2 -13 -19 28
17 -17 11 1 8 12 11 4
4 23 -5 14 4 4 -18 -5
-4 -14 -30 -11 -14 1 16 -16
-2 -20 -10 -15 -12 -6 -3 1
0 10 -11 9 5 -2 -3 3
-22 16 45 7 5 -6 -3 8
-12 -38 -17 -9 -2 15 -1 -22
-10 14 12 4 -13 -30 1 -12
-15 -14 -5 -15 -8 6 -13 -9
70 18 -21 -16 12 15 -4 18
4 2 25 28 -15 -31 -8 17
-5 3 18 10 13 19 3 -5
-5 6 -44 -35 -9 14 12 8
-40 -37 1 15 28 29 -24 -36
-2 -19 -10 -6 -7 11 8 19
-14 4 8 4 -18 -62 -34 -21
60 -9 -4 5 -2 0 8 57
11 25 -5 -2 -5 -2 -6 -26
-7 -18 -2 4 9 17 24 26
2 -3 -3 1 -4 20 22 4
-63 -28 1 -10 -4 -20 -12 -15
2 -2 21 3 0 -16 -24 -1
-21 -44 -29 -10 -5 2 5 -7
-12 -7 12 12 10 17 10 5
-6 -4 -9 7 -6 -26 -30 -13
5 4 4 -4 -6 3 56 42
13 22 17 2 12 33 -28 40
-15 -46 -6 3 5 -14 -7 12
15 -6 14 -3 1 -1 10 -4
-12 3 -2 3 2 4 -3 -2
4 6 -2 0 -8 -10 1 -14
-67 -48 -15 -11 -33 -29 -7 -7
57 88 17 2 48 49 30 5
-30 -74 -25 1 2 2 -25 -18
-3 9 17 8 5 6 35 8
4 9 -27 -9 -3 1 -6 -4
-17 -6 -5 -16 -24 -22 1 -5
-9 24 5 -8 -4 1 -1 -10
16 9 -5 -10 -9 -9 -19 -11
17 25 19 25 1 -22 -20 -27
-26 -38 6 9 13 7 -5 20
-15 -16 -38 -27 8 17 -46 -20
25 -15 35 25 -14 -20 59 20
7 -12 -23 -18 10 29 11 8
-17 -23 -29 -2 -17 -19 -2 16
-6 19 3 15 0 -8 -15 -1
1 8 -8 -8 -6 -14 -17 -14
-9 -6 16 -1 4 8 6 5
-3 -42 -3 5 -11 -11 -14 -24
30 37 11 -4 -3 11 8 -10
0 13 -10 -1 4 5 24 45
44 16 10 25 2 1 -5 -51
-8 -2 -29 -24 -8 -4 -28 8
3 -10 16 -13 -6 3 7 -8
2 -15 -13 -21 -9 -5 -53 -17
-6 14 17 6 9 27 86 58
-13 -14 -7 1 -22 -11 17 -8
22 24 24 7 41 54 36 4
-24 -7 3 -16 -1 -3 -28 -18
15 26 -17 -9 3 -16 -33 4
19 27 19 20 -27 -49 -24 -47
21 7 -5 -1 8 30 27 30
-8 -19 4 11 10 -6 -27 -36
11 30 -14 -16 -12 -28 -62 -17
14 22 -12 -11 17 35 79 52
-30 -47 1 5 -15 -38 -13 -25
7 13 29 24 13 -19 -20 -8
2 -12 -5 -21 10 34 54 18
-18 -11 -2 7 0 2 -45 -8
-4 -25 -12 -3 -11 -26 -21 7
-23 -34 -29 -5 -2 14 24 9
29 57 37 13 3 -9 -23 4
-23 -78 -25 -3 6 -2 -5 -5
-16 -52 -23 4 -21 -14 17 1
37 65 6 2 2 -16 -4 -1
-95 -47 -3 -13 -25 -35 -41 -39
-47 -25 13 -16 15 63 21 -9
38 14 15 29 25 -2 -9 0
-25 14 -5 -3 -2 25 24 10
-7 -1 -3 -14 2 18 23 7
1 19 11 12 -3 -13 -10 -2
-6 30 4 -15 -18 -44 -36 -22
-10 -31 -5 2 6 15 -3 9
-22 -25 -12 -12 -9 -3 9 -1
36 49 -10 13 -7 -8 -7 1
19 48 8 -8 -9 0 0 10
25 -51 -43 -4 -6 -7 17 -1
0 24 8 10 -14 -21 -25 -5
2 -17 2 -16 -13 -12 -10 5
-13 60 37 21 31 30 7 -13
10 24 -2 -5 -11 -15 -20 -18
-11 -19 -5 -6 0 -5 -12 -5
-11 7 13 1 -10 -5 23 33
14 -3 -29 -1 8 -7 3 19
-32 -31 15 -5 -27 -43 -29 -47
32 22 -1 6 29 52 52 7
-9 -8 19 -1 1 -15 -14 5
3 -51 -51 -10 -22 2 1 19
-45 3 7 -2 -14 -27 5 -34
44 32 17 0 10 24 -20 4
-2 17 -12 -6 -4 8 9 -4
-22 -34 0 12 -8 -8 0 -17
26 32 13 -5 7 -1 -6 29
-4 -16 20 7 -10 -18 -16 -14
16 -18 -29 -4 7 4 10 10
4 -6 9 1 -8 -15 6 16
2 21 -43 18 21 18 13 -11
-7 -47 8 -24 -23 -19 -21 18
10 49 3 4 6 9 -5 -8
-3 -8 21 -13 7 -6 12 -23
-12 -4 13 -16 -22 3 27 40
-25 -28 -63 14 7 -3 -16 -62
11 -19 10 -7 -9 -28 -13 1
7 35 4 13 -8 6 -38 -2
-24 -48 11 13 10 5 13 11
41 31 -15 -10 7 9 12 8
-15 -21 17 5 9 28 -8 -10
-11 -3 -22 -1 -28 -4 33 -15
8 -2 15 -13 28 21 5 9
-39 -3 -11 -6 -3 -6 9 31
16 7 -9 10 9 -5 -12 -15
2 12 40 -14 5 5 -4 14
-14 -6 -4 7 -15 -12 -14 -20
-7 12 11 5 6 -32 0 4
-31 -3 -30 -17 -4 -1 -20 -22
29 15 -2 5 1 14 45 8
-1 24 14 11 -2 -15 -5 11
31 -21 -3 -5 12 16 -1 -1
-5 -27 2 16 4 6 27 -4
-23 16 0 -16 -7 -13 -28 6
34 40 -3 8 -4 -11 -49 -1
-8 -4 26 5 1 38 51 24
8 -18 25 23 4 2 -18 -40
1 -81 -50 -28 6 -12 -13 15
-8 -33 -1 -6 -1 51 5 -6
2 12 9 17 -12 -28 -23 -4
-13 -2 -14 -17 -11 0 17 28
-12 7 -21 -7 -3 -14 -18 -20
19 20 -1 -9 -8 1 -11 -5
2 0 -8 -6 -13 -10 -8 2
-3 17 17 -16 -6 -6 -3 -5
-12 10 4 18 4 -7 -14 -9
-27 -51 -25 -15 0 14 26 14
30 23 7 19 3 -5 12 7
2 57 60 -14 -11 -9 -19 4
17 37 6 -5 14 22 1 -22
2 -41 -51 -22 -27 -36 -7 -5
0 -16 -20 -8 3 8 -30 -7
2 -19 -12 4 -17 -11 -3 -28
-34 -17 10 3 0 -1 15 31
48 64 9 16 5 8 -16 -21
-8 32 24 5 -5 -17 -8 -3
5 10 -11 -14 -4 -10 -11 -2
-18 -9 -2 6 -7 17 8 1
-2 24 -18 25 22 -5 18 37
-22 -18 -9 -36 -13 -21 -30 -62
12 -22 30 22 12 -6 23 20
6 15 40 24 15 30 91 38
-10 -36 -75 -29 -6 10 2 12
-4 1 22 9 4 7 20 11
-6 -39 -14 42 28 6 -17 0
35 1 -10 -11 -15 -28 -28 -10
-22 -15 27 -6 -1 -18 -13 3
14 33 13 -15 -2 7 12 8
-2 -13 5 5 -2 -10 3 5
-19 50 -12 -15 -11 16 6 4
-33 -37 -10 0 11 18 -63 -38
37 31 -7 -3 3 27 -6 13
-2 -7 -25 -7 -7 -1 30 27
14 27 12 2 3 -3 15 4
-3 6 45 -15 -7 -13 -4 -19
-4 -39 -20 -3 6 19 8 -13
-10 -22 -29 5 9 20 17 23
15 -13 21 -1 -11 -27 -22 4
-16 -44 -9 6 -6 3 5 -21
-7 12 6 13 5 3 3 20
19 43 -12 -6 -11 -1 -18 -30
-30 -12 -32 2 27 6 -10 -16
42 11 39 -7 -4 -2 15 22
-18 6 -4 -4 -10 -17 -13 10
-31 -25 -9 3 -14 -29 -50 -70
44 8 -23 -10 1 37 27 34
-20 -11 -8 12 2 1 12 5
2 -55 -40 -14 -6 18 -6 -18
-8 60 31 -10 -26 -41 -26 0
4 -15 0 -6 10 34 19 25
7 43 29 6 9 2 53 11
-10 -11 2 7 17 18 -13 10
1 13 -16 -10 -3 0 -11 -5
-26 -17 2 5 -11 -30 -34 -9
-13 5 25 -6 -1 -1 6 -16
2 13 -5 3 -13 -30 -4 -13
-5 -74 -21 2 12 32 15 17
-22 -4 11 23 3 -10 5 -8
6 2 -21 -8 -7 -7 -13 -6
-9 53 31 4 0 8 -3 -27
-12 -2 -36 -8 3 -4 0 25
24 6 -16 2 -10 -2 -13 5
6 -12 12 10 -3 -9 20 -16
-24 -31 -23 3 -6 -49 -8 24
25 30 22 -12 25 84 21 38
-14 -31 -15 5 -2 0 -17 -56
8 -10 -7 -1 -5 -20 -12 15
-9 -21 20 -8 -17 -16 3 0
-16 -41 -9 9 10 5 30 33
60 54 -8 -11 -16 -27 -36 -71
-13 -12 -19 6 -7 2 -10 6
0 29 67 17 2 -7 8 11
6 28 -26 -17 -14 -12 -1 -19
-34 -32 1 -10 -7 -7 -5 1
8 -4 -32 -21 -3 -22 2 6
35 2 9 18 -24 -50 -17 -8
-39 32 29 -11 32 63 7 -12
0 3 -3 2 8 2 2 6
-7 -24 5 -14 -13 -18 -45 10
-13 -28 -26 -2 5 18 49 3
7 4 8 6 -14 -51 -27 -24
38 53 6 14 0 5 17 -4
-9 8 20 16 11 13 -1 28
-1 -41 -60 -12 3 17 -10 -11
-4 13 28 6 -11 -9 25 8
-33 -71 -21 -20 10 7 -14 -10
4 31 -22 9 8 10 15 -13
24 -1 1 15 -3 -23 -22 25
-12 -23 -3 -18 -27 -33 12 -18
-35 -49 -36 -4 18 16 3 37
-14 24 43 29 24 39 6 -36
-12 -35 -43 -34 -21 -2 -3 4
24 19 38 18 7 -10 -30 -12
-15 -5 50 6 -4 -19 -6 23
13 20 -45 -11 5 27 42 8
-15 9 -2 16 4 -6 -8 -11
15 -10 -60 -15 -11 -6 3 8
3 12 14 -7 1 3 -31 -26
-10 15 38 20 1 5 -18 5
7 -4 -28 3 2 16 38 6
13 -4 -3 -9 -1 2 -7 7
-10 -26 21 4 -11 -18 26 -9
-13 41 -25 -24 -11 -11 -40 -22
-1 -4 11 8 24 16 -1 7
3 -5 -8 -3 7 14 18 4
13 72 20 -7 -19 -19 -16 -2
-20 -48 5 -12 -5 -7 13 11
41 49 -31 -14 -6 4 -7 -14
9 -4 28 16 -7 -16 -20 -3
-57 -19 -2 -14 -8 -26 -49 -15
32 25 -11 -2 -10 6 38 -8
-23 -16 -14 -21 -18 -21 -30 0
-2 -1 -15 4 31 47 14 -10
9 13 0 -11 -19 -15 17 13
-16 -18 4 -1 -2 -7 -60 -42
-7 -11 2 16 3 1 23 13
8 14 28 -5 5 -2 13 23
11 1 -24 -6 8 14 6 17
31 -13 19 7 -3 -13 -4 -5
-1 0 9 -1 -6 14 19 -1
-25 30 -5 2 2 -25 -53 -12
-6 -11 -8 3 0 13 1 -3
-11 -6 -30 -10 -4 -5 2 -2
-35 -39 22 5 11 11 -13 -8
-12 -46 2 9 -5 2 44 3
9 -18 12 7 -7 -12 -15 -6
18 12 12 11 9 -5 -11 -29
2 7 0 -14 32 68 9 21
-13 -65 -14 9 -8 -12 -6 -2
-10 3 10 5 0 -10 -5 -4
8 45 -15 -15 -16 12 21 38
-7 14 17 14 16 15 -10 -7
9 16 0 -19 -10 -10 13 2
8 7 -7 6 2 -1 -3 -5
0 -37 16 26 0 5 11 23
8 3 -10 -32 -5 -21 0 -12
-26 -14 -13 2 -22 -22 -18 -8
18 42 2 -27 -5 -9 11 17
-16 -4 -14 -14 -5 -11 -28 -22
2 -2 8 17 8 4 2 6
2 24 13 -6 1 2 1 -29
7 30 -34 -6 -5 -8 -1 2
-1 -19 8 -11 -2 -7 6 20
-16 1 -20 -18 -30 -85 -28 -26
41 36 8 7 13 41 12 4
-18 -20 1 -4 -15 -4 -9 -15
-2 27 -20 6 21 20 64 31
14 28 25 19 1 4 4 4
-2 17 -29 -27 -8 11 -17 -17
-12 -52 4 10 18 8 25 6
-8 7 22 -6 1 -2 -10 -9
-5 -28 7 -1 -27 -27 -8 -23
-3 -17 6 -14 -9 -12 0 27
-2 -15 -29 19 25 28 -9 -41
-16 -27 -21 -19 -15 -16 -17 -16
3 4 17 13 -4 -3 5 7
-10 1 -23 4 2 -6 -5 -6
49 52 9 -31 -21 -7 -5 2
5 9 35 20 7 -13 -22 -3
-8 -42 -28 -14 -3 15 6 1
-2 7 24 15 7 9 20 11
-4 18 25 8 -4 -14 -12 -20
3 -29 11 0 -3 -9 27 4
-9 -8 -29 10 17 -4 45 17
-25 -29 -29 -13 6 17 -43 -29
47 11 32 30 18 5 8 58
-49 -25 -39 -18 -11 9 -10 -47
1 -45 20 -5 -17 -2 -10 -15
38 49 30 1 11 -19 12 11
-62 -38 11 1 -8 -23 -21 -14
63 29 10 0 3 16 -14 16
-14 4 -14 -6 -6 10 22 -21
-4 0 13 -1 -7 -11 -14 -8
-1 -21 -27 -5 -18 -15 -26 -23
-6 -15 -10 0 -11 0 -13 17
14 39 18 -2 27 15 60 30
-17 -34 -9 16 4 6 -11 -6
-8 0 -12 -18 -10 -5 -35 -24
-12 -45 -11 15 5 5 49 13
17 33 -13 -7 -10 -7 -3 0
-9 15 -10 -1 5 17 -21 10
17 -24 -6 12 11 6 21 -3
-25 20 6 -20 -17 -14 -26 -69
12 -8 34 17 2 7 -13 6
-3 -10 -23 14 7 -15 7 5
-33 -29 -33 -18 -20 -10 -22 -50
43 28 17 5 6 6 13 59
-11 -50 -25 -1 5 7 -14 1
-2 23 17 -17 -15 -7 -11 3
-11 -13 8 3 -11 -12 -11 -10
-2 28 -1 13 25 48 0 -3
-28 -5 -17 1 -7 2 -25 -3
14 -8 -9 -1 4 8 17 21
24 34 6 1 -11 -8 13 -44
-20 -22 -6 -29 -6 -11 -2 13
-6 7 6 -14 -9 -15 -23 -11
11 -48 -21 7 1 6 5 -17
7 -15 -4 16 3 16 31 37
1 32 16 -12 -15 -29 -22 -11
18 23 25 -1 10 15 4 -1
-18 -31 -45 -23 -22 -20 -1 -5
-18 -21 -19 -22 3 22 14 34
-2 -4 2 19 4 -4 4 -20
5 26 49 -4 7 15 -7 -3
4 29 9 2 -27 -30 -11 1
-7 11 4 17 -4 -9 -3 3
26 -17 -27 -4 41 40 9 -2
-22 -36 -19 -20 -32 -28 4 -1
-4 20 15 6 32 41 -1 -8
16 -2 -4 4 7 -5 -5 19
-22 21 11 0 -22 -29 -1 4
2 -5 -13 23 1 -9 -11 -5
-19 3 23 -2 4 -15 -11 13
-24 -28 -51 -19 -4 7 19 14
0 -9 23 1 -2 0 -20 -5
0 -5 -15 -13 -9 14 -14 -7
32 15 -13 12 -8 -16 16 20
-19 26 15 3 14 42 39 3
-28 -17 0 9 -13 -32 -7 3
38 2 21 41 24 -2 -28 -2
2 3 -3 -59 -30 -37 -61 6
-13 1 -18 -22 23 58 72 2
9 -9 -11 9 -12 2 10 16
1 26 -3 3 0 -20 -10 4
-6 3 8 13 9 4 10 -18
-3 11 13 9 10 -4 -22 0
-13 -24 -5 -10 -7 8 3 27
7 8 0 4 -6 -27 -41 -46
23 -12 48 30 -7 9 23 19
-7 -72 -23 -14 -5 19 34 6
-7 31 -37 7 0 -1 6 -2
-27 -69 0 -14 -2 8 24 10
22 95 8 9 13 1 -17 -36
26 -26 -3 17 -19 -40 -51 -14
19 28 47 25 12 4 23 48
0 23 -24 -46 -21 -26 -41 -47
-21 -69 -26 4 10 29 35 1
9 27 41 21 5 -6 -6 12
23 -7 13 5 1 4 16 -9
-17 -7 -41 -38 -14 -3 -1 19
-16 -17 7 0 -3 -11 -2 24
19 26 -10 -11 -3 -5 -12 -5
-10 -22 -26 -18 -14 21 -1 -6
-10 11 75 28 26 5 -15 6
-26 -15 -40 -15 -15 -26 4 -15
-8 39 18 6 1 7 -23 -9
38 67 2 -25 -11 -13 -6 -6
19 35 -23 2 0 19 25 22
-5 -19 -7 17 7 -4 10 -33
23 -11 1 -6 -6 -9 -32 9
-41 -31 23 -5 -9 -21 -16 -34
8 32 0 -5 1 21 6 27
25 28 -6 5 -1 0 10 23
-19 -15 -23 12 18 8 -5 -22
0 2 -3 -7 -2 -22 -16 -25
-42 -32 -20 -11 16 14 7 11
32 36 73 11 14 25 22 24
-10 -28 -28 -15 -3 46 27 24
1 -10 -18 -4 1 -17 -20 -35
-30 13 13 10 -4 -17 7 11
-41 -21 25 -12 -13 9 -21 -47
17 71 19 -2 7 9 33 36
13 -43 -35 3 7 11 20 21
28 28 5 12 -11 -28 -7 29
-37 -20 -30 4 -9 2 -8 -64
18 -16 23 -15 -15 -26 -10 38
-21 -11 3 26 0 9 -4 1
12 6 11 31 34 20 18 -11
11 23 -36 -65 -17 -9 7 30
-34 -51 1 -1 -3 -25 -24 -51
15 33 9 -14 -3 18 0 8
-9 -16 -18 6 -14 -1 6 -1
-6 -5 2 31 19 -1 4 5
-13 -10 6 -12 -17 -34 -20 -29
-16 -27 -19 -16 23 12 -13 10
-4 -18 12 -1 5 11 -7 -19
8 -33 -32 2 -7 -5 9 11
-51 -23 1 -7 -16 -18 -4 -10
76 53 20 14 -17 -38 2 58
-23 3 -4 -17 16 45 -8 -38
22 -23 -23 -4 -30 -52 -27 16
-1 -29 20 6 45 57 35 15
-25 3 -10 7 9 -11 -25 6
2 25 -1 -24 -11 26 -26 -3
22 12 19 29 9 2 21 7
9 57 -14 4 -10 -8 1 -3
-3 -34 6 -9 1 -5 12 -10
26 8 -11 0 6 3 -5 -10
19 39 28 0 -6 -6 -27 -14
4 -14 -20 37 7 -10 -5 11
-11 1 2 -6 9 21 7 -33
-29 -19 -4 12 -24 -48 -17 -14
-1 -5 24 -14 -7 16 20 13
4 6 -30 -1 13 -11 -40 7
-20 -12 -10 -11 -16 -16 -34 -34
29 11 -2 3 9 -3 50 44
-19 18 17 8 11 14 18 -22
-1 12 17 4 30 45 26 18
-17 -60 -33 -10 -20 -18 5 28
-21 -9 42 -13 -11 -19 -44 -47
16 7 -32 3 2 9 -17 12
7 -8 24 15 2 -10 13 -1
5 50 8 0 4 9 -2 -11
-1 9 -1 -3 -26 -14 35 -49
-12 -43 -23 -13 16 1 -11 1
13 10 -27 -6 -17 5 -23 5
-1 23 30 42 15 2 22 1
5 -2 -35 -37 -31 -26 15 22
-9 -12 15 1 9 9 -9 -27
-5 -4 -11 3 -8 -5 -12 -16
30 -10 6 18 13 14 29 16
-10 -19 -9 -2 -19 -31 -1 24
-19 -47 -7 16 10 2 -20 -63
-16 -17 -29 -12 -13 -32 -11 12
5 -9 18 -18 6 32 20 -8
-1 3 7 37 19 12 -6 7
19 -6 -26 -11 -28 -29 -2 25
-2 22 5 -9 -9 -29 11 -3
-7 -5 -10 -21 -4 4 -52 -53
17 -3 -5 7 13 30 40 43
-34 23 15 8 15 22 26 18
14 -11 1 9 -14 -22 -15 -39
-8 13 -13 -1 -12 -39 14 52
40 -31 -7 -17 0 17 -18 6
-12 49 6 -12 3 11 24 -8
-9 -18 4 -16 -14 -4 -9 -4
-46 3 5 14 4 -6 -14 -21
18 9 -5 11 -11 -30 18 11
18 -4 -9 -41 10 37 -15 1
14 5 -8 1 -7 15 9 -24
-35 -52 6 13 8 11 -10 -12
23 31 -4 19 18 22 23 6
2 -4 2 -10 -15 -22 -13 15
-7 -23 -10 -7 1 13 17 0
-9 11 10 -18 -3 2 -11 -6
-25 -6 4 3 -10 -6 -11 -19
1 9 13 -10 4 -24 -41 -1
13 5 -4 -6 -1 34 51 43
3 1 1 -11 -1 -3 -6 3
-14 -24 24 8 5 1 -21 -43
-9 -10 -34 3 -11 -2 -35 24
-3 22 17 11 -15 -59 -21 2
33 18 -24 -2 -12 -4 28 0
-46 -6 10 22 17 20 -4 -7
-15 -1 10 8 -15 -21 -8 1
7 -13 -12 -14 -11 -8 -12 -2
2 9 -13 -22 -7 -14 12 27
-3 32 -5 -29 -3 -3 -16 -59
-2 -26 1 12 6 0 4 -7
-40 33 12 -2 6 10 9 4
92 7 25 28 0 -11 -8 22
-8 -13 -55 -1 -29 -27 -1 30
4 1 8 -2 23 29 19 15
-1 19 39 -2 13 28 28 -20
-49 -57 -47 -9 -9 -22 -25 -15
-2 24 -7 16 4 26 5 27
33 27 1 -15 -23 -19 -4 -41
5 -3 13 -7 0 -55 -63 37
-32 -16 2 9 8 65 38 -43
44 7 10 4 -6 -41 -2 23
-27 -11 -38 -7 -13 4 8 -2
41 27 9 7 -9 -26 -36 -19
-22 0 5 -15 5 26 8 -3
-23 43 6 -6 10 18 -10 -7
13 -13 6 9 0 -8 25 -3
-2 29 30 -3 14 16 -1 6
41 -45 -53 -13 -24 -30 -24 12
-22 -42 -14 5 16 15 -4 -21
17 13 7 -1 -5 -14 1 21
-8 -6 -12 -7 -13 -2 -3 -21
-21 24 32 1 8 2 -1 0
5 -23 -36 -15 -4 15 -7 19
21 -5 41 11 31 -23 -4 -10
-42 -61 -19 6 -10 7 14 32
-19 20 3 0 1 1 -2 -25
16 -2 13 -8 -5 -6 6 3
-43 -10 -7 -17 -13 -16 -8 7
23 2 42 17 7 30 47 -23
1 -10 -42 -18 -8 -26 -49 17
4 -13 5 -7 -11 -19 -18 -5
-24 -9 7 -1 4 17 6 -7
-6 -7 -44 -14 -12 -10 -7 5
8 3 -5 -1 -14 -10 9 2
-11 13 25 8 -9 -20 -31 -75
-12 -22 8 -10 10 26 32 52
7 28 8 6 1 -2 -11 -21
7 -10 -8 5 6 7 5 0
14 51 -19 -15 -10 -15 6 8
-3 23 1 15 -2 -23 19 -2
-11 -25 22 1 -8 8 -4 -3
-19 -2 18 6 13 -3 -13 -32
7 -13 -19 4 8 12 11 25
-22 -5 -2 13 -4 11 -2 -12
22 -2 -32 -6 0 -5 -6 -2
1 39 -2 16 25 16 11 13
-67 -62 47 11 -35 -54 -13 -17
49 29 15 -29 24 70 -27 -29
-47 -43 -28 -12 -8 -20 -60 -25
11 2 0 9 -5 -6 6 5
11 -6 -7 -3 5 17 45 15
16 18 1 15 -25 -28 -13 9
-2 -9 -4 -4 4 -43 -17 4
15 18 31 6 3 17 31 17
-4 -29 -25 -26 -1 0 -30 7
-46 -4 -9 11 -15 -17 2 -19
22 6 -7 -8 -1 16 12 0
4 35 -17 -4 -8 -12 -13 -4
41 -8 10 16 13 9 5 9
-5 -10 1 5 2 7 8 38
-22 -69 3 2 2 -12 -24 -61
-6 3 1 2 -1 10 14 10
-21 -35 -18 -16 14 31 13 11
14 18 -11 5 6 8 18 13
10 36 11 13 0 -4 15 4
-6 -12 25 3 -18 -28 -27 -16
-6 13 -25 -15 3 8 -20 -4
-6 -18 -13 -1 -4 -6 -7 -2
2 18 -22 -9 1 21 50 9
1 34 11 -15 -10 9 -5 -3
55 1 39 45 15 -9 -23 32
-7 -17 -42 -32 -30 -37 -35 -60
14 15 19 7 21 22 23 29
-11 -8 -10 0 0 1 -5 -14
15 21 8 -1 -2 1 25 6
-15 84 -12 -8 -9 -20 -17 2
-15 -40 43 -4 -25 -7 15 -39
-7 -59 -31 -3 4 8 -16 25
-23 47 20 -12 2 1 -3 -14
-7 -44 -39 -2 1 2 4 5
-1 20 -27 -2 -4 11 8 1
26 3 22 13 6 -10 12 6
-17 -11 2 8 -8 -16 -4 -10
35 25 43 31 33 29 -2 22
-21 -11 -27 -14 -11 -18 -73 -36
-6 9 -24 -29 12 52 70 21
13 -46 -27 2 -6 13 1 14
9 -4 6 10 -10 -15 27 3
-12 15 5 -3 6 -3 -16 14
26 5 13 1 -25 -46 -51 -28
-7 22 7 -8 16 30 28 18
-7 -47 12 10 4 6 -17 -52
-15 -54 -36 5 -3 0 18 18
-11 -8 -22 -24 -3 1 1 -14
-14 12 7 -6 -12 -20 -2 14
18 -39 -13 15 6 7 5 -4
-10 66 24 -20 -11 -16 -20 24
-26 -36 21 5 -12 -17 -18 -15
-7 11 -13 3 10 22 -23 -29
11 8 8 -4 14 37 70 56
-1 -2 -11 27 6 -10 -7 -36
-19 -6 -7 -14 9 -3 -7 -13
51 14 4 -22 -26 -44 -41 2
-1 3 -10 -13 7 44 22 -9
4 -50 7 0 8 10 29 38
-6 -21 9 12 -9 -17 10 -6
-41 -21 -30 -33 -8 2 3 -63
-11 -18 21 -8 19 11 -22 65
29 37 5 12 1 10 13 8
-17 -17 -12 4 -6 -22 -6 -9
-14 1 17 0 3 -8 11 -1
-3 17 19 -4 -16 -22 -20 -22
-25 -20 -12 -20 -2 0 -12 -8
28 37 1 10 2 7 -3 15
12 12 17 22 24 16 31 17
-12 -30 -15 -4 -8 -15 7 -5
26 21 9 1 -9 -15 -19 17
-7 33 -9 0 14 -27 -2 -29
-8 -45 8 31 21 39 8 25
15 68 13 8 -39 -77 -4 -4
12 -9 -21 -3 35 52 -1 -56
13 -13 0 9 -4 -4 -21 10
-15 1 -6 -14 -6 0 -18 -15
-24 -18 -27 8 -12 -21 6 -7
-24 18 23 -2 -16 -7 -14 7
-5 -27 -5 7 4 -6 -54 -11
-6 40 12 13 11 -1 58 15
22 -46 -4 -7 -3 29 -31 -8
-4 -19 20 9 2 -12 5 -17
4 0 -15 -27 -2 7 -14 5
-32 6 3 4 -5 -2 44 25
10 16 5 10 7 18 3 -27
15 -14 -19 12 -6 -5 15 12
-7 12 20 -7 -24 -34 2 -2
21 -13 -6 -31 11 43 -25 -6
-25 -6 3 3 1 -7 -35 -17
-12 -29 -15 10 -16 -29 -14 -11
3 -6 -5 -8 7 24 64 49
3 -1 -11 -7 -9 -7 -6 -1
-6 -14 1 -2 4 -43 -65 -42
18 6 26 15 12 29 47 31
-24 14 -9 -16 -8 22 -12 -30
6 -60 -23 -2 -22 -29 6 0
19 9 11 5 11 11 19 39
8 37 -45 -8 -4 -1 -20 1
28 -4 28 26 5 -13 13 16
-30 41 43 -7 -28 -46 -41 -56
-5 -4 -29 -22 9 46 50 11
-5 -9 -15 7 7 14 7 6
-11 1 -24 5 15 30 27 16
28 9 17 8 -1 -29 -49 -13
-15 -24 -42 -47 -32 -34 16 26
-2 12 1 -7 -4 17 13 18
-8 -1 -11 11 15 14 8 -24
2 9 10 20 7 -2 0 2
-3 -5 7 -6 -13 -1 -27 -8
9 5 -21 -16 -10 -1 8 7
-9 40 36 12 10 -2 -7 -9
-27 -28 -37 -1 17 30 14 -15
35 1 37 -12 -12 -17 -9 49
5 -4 -6 -31 -16 -10 -35 -13
1 17 27 16 -6 -5 50 22
-4 10 14 25 12 6 -14 14
0 11 -28 -30 0 -6 6 10
-6 10 31 -4 -3 -11 3 2
-3 -49 -14 -3 2 14 -42 -20
13 -20 -34 -18 -16 -11 2 0
-15 -3 -13 30 6 -20 7 4
22 29 86 15 14 -6 -3 5
-44 -39 -46 5 2 5 -10 -2
38 33 9 11 21 4 -30 13
7 11 -35 -7 -9 62 53 -17
-15 -16 -6 -8 -8 -38 -11 1
10 19 -4 -1 6 0 -12 -5
10 12 -25 -31 -5 14 14 16
-30 0 23 16 -1 -32 -42 -66
7 -8 -8 -13 1 19 -19 52
-17 5 6 -6 -3 31 55 -17
-20 21 -14 -31 -17 -34 -1 -9
22 9 20 7 10 24 34 9
-20 -1 -7 9 1 -3 -7 -44
4 -25 -19 -17 -30 -41 -45 24
-16 2 -39 -28 -7 12 30 -21
-9 -16 29 13 7 -1 -44 -8
3 -15 -18 7 -4 -18 -20 -47
6 14 6 -4 -21 -11 -13 10
3 -11 -2 8 6 15 1 -2
7 7 16 -15 -7 -23 7 17
-9 18 -2 4 20 26 21 2
31 28 11 10 -13 -22 34 35
3 -18 39 10 -8 -2 -12 -16
-10 -28 -21 -7 -10 7 -1 32
-4 -20 -5 4 19 27 -2 -71
4 21 -1 -13 5 -8 -19 -8
-7 5 -6 -6 -16 -11 -6 35
16 -19 10 4 10 -4 -16 4
-14 -8 -2 8 -24 -27 23 25
-8 -11 4 -29 0 -18 -34 -24
24 37 -2 11 -8 -11 31 -9
-18 7 6 20 5 -23 1 -4
10 27 2 -9 -8 6 3 35
-23 -37 -19 -26 -9 -14 -15 -30
-16 -55 10 8 -5 -2 -24 7
14 48 -28 9 10 13 3 -25
-11 2 -3 4 -12 -22 -3 -7
0 -11 -22 -3 5 5 -29 -7
-3 -14 12 11 14 30 46 24
5 -50 5 3 -9 25 17 -4
3 14 27 29 -1 -20 -12 5
-17 -7 -2 1 -9 -1 38 4
-20 -30 3 -23 22 62 1 5
49 62 11 28 17 21 24 9
20 16 -60 -53 -9 -12 11 68
12 -26 16 15 -1 11 -19 -30
-11 18 5 -18 -22 -45 -66 -34
-50 -25 -6 17 20 22 4 -29
21 0 -28 19 4 -3 33 45
-9 -7 44 -29 -20 -10 -13 -40
13 -54 -44 -8 -15 -32 -16 -17
-25 -8 -3 -8 -9 -9 -23 -9
20 23 22 15 12 24 37 -6
-2 -30 -19 14 3 -6 3 12
4 12 -12 -31 -2 -9 -45 -19
-23 -31 -15 -15 -17 -24 -3 -4
21 2 4 5 4 21 8 -1
6 -23 -7 6 -3 -15 6 8
-7 6 10 11 -23 3 -20 53
18 26 -26 -7 28 27 36 -22
-19 -26 24 2 14 18 -18 -13
32 51 20 7 12 20 -8 6
22 -42 0 34 24 4 29 11
-4 -55 -16 -12 -24 -28 -33 -12
-41 -38 -32 -5 -26 -27 6 -12
8 17 43 17 27 34 15 12
6 31 -20 -8 4 -1 34 20
1 17 12 -32 -15 -31 -44 0
-9 -48 -17 8 5 28 36 -22
1 20 -18 8 1 -9 2 8
4 48 28 23 3 0 17 13
-15 -32 -32 -17 -6 -54 -26 -42
-22 13 20 -5 8 -5 -43 -27
-5 8 0 -26 -2 37 -20 6
16 4 -2 28 -2 -24 46 -15
14 31 11 1 23 54 70 49
10 2 29 10 1 -9 -16 10
-8 4 -13 -21 -9 -33 -31 -28
-12 -42 16 -4 -7 7 -23 0
26 38 4 4 -10 -7 7 16
18 50 37 7 -4 0 13 6
-40 -30 -22 12 -3 -15 -28 6
47 -26 -46 -13 -3 -5 -2 -9
-21 18 20 14 7 -5 -6 -9
-12 -29 -2 -20 -6 -3 -32 -27
-14 -13 -18 21 -9 -12 23 2
-23 24 13 20 14 10 14 -4
1 4 -2 -41 -8 -3 17 23
-2 19 -4 13 -13 4 -30 -4
12 -21 -25 -10 16 18 38 9
-23 10 -2 3 -5 -5 17 5
-1 -2 -4 6 -14 -17 -25 -8
-9 45 7 -17 7 8 -14 8
-12 -9 -10 -8 -10 -4 24 -6
-6 24 28 -1 11 25 -20 -11
-6 3 -6 13 -18 -25 -20 -10
31 -1 -30 11 -8 -19 6 12
-7 14 2 0 -5 -11 -8 -31
7 20 22 -18 10 8 -11 5
-10 -1 8 -5 -5 6 -6 5
12 -16 -31 -10 11 3 6 0
13 -4 9 13 1 7 19 15
14 7 15 25 -43 -72 -16 12
-6 -10 41 -9 18 74 8 -68
-73 -12 25 -11 16 2 -10 -11
18 -25 -21 2 3 -8 -8 11
-21 -39 -32 -29 4 4 4 -15
-27 -19 -4 17 -13 -7 18 33
-15 -4 8 -2 -9 -14 -2 -28
12 50 38 -11 -3 3 -35 -2
-13 8 -14 3 5 6 -2 -2
-2 -4 -1 8 -6 -23 12 0
16 -27 -11 -13 8 7 4 28
-8 -1 -2 -10 -3 0 26 15
-1 -16 -18 -12 -4 -10 -27 -10
13 24 22 -6 1 26 -47 0
-34 -9 -8 29 0 -12 43 -17
12 14 23 0 -10 -51 -8 16
-33 -8 -37 -30 13 23 -19 -9
-19 -8 -30 6 -4 -8 15 -7
16 -35 1 8 11 27 14 45
-15 17 25 32 6 -1 15 -21
1 2 18 -4 -24 -22 -14 -37
45 21 -51 -14 8 -15 -1 61
3 28 1 -15 -11 -11 -42 -29
-20 -3 -8 -6 -3 -1 -4 -1
35 37 18 3 11 10 29 22
-25 -29 -4 3 -7 -6 -2 -2
2 27 26 -17 -16 -18 3 -34
-27 -34 -39 -8 5 2 -38 -13
-9 72 17 -10 -14 18 -10 -39
-35 -63 2 4 -1 -24 3 -4
14 13 -23 -4 3 21 -14 -2
17 24 17 20 1 19 12 15
-2 -33 -23 -2 -10 -26 8 33
14 20 8 12 34 52 25 7
-32 -37 10 2 -3 -31 -29 -2
21 15 9 9 -14 11 11 -1
1 -9 5 -3 8 14 10 9
-9 -9 0 -7 5 -12 -56 -64
28 -1 -8 -9 -8 13 24 45
10 16 2 14 29 23 8 0
-15 -42 -5 8 -3 -20 -8 -5
-26 -9 16 -6 -13 -36 -24 -8
8 -23 -11 8 -13 7 20 -1
13 -3 -7 -23 -12 -1 -1 -37
-17 33 -29 -23 -9 5 19 -9
21 -41 -28 13 3 -13 7 24
15 26 21 6 8 21 14 0
-8 -22 23 3 -10 -13 18 16
-13 -14 -5 -11 13 6 12 15
29 49 10 -7 6 23 6 14
-19 -21 -29 -6 -7 -15 -1 -8
-1 -9 -19 -7 9 -14 -41 -7
24 23 6 2 -20 9 18 8
-11 17 39 -12 21 3 31 28
9 -35 -17 -11 8 25 -61 -10
-49 -36 -2 1 10 43 66 25
1 -16 1 24 1 -25 -38 -17
2 14 2 -1 -7 1 1 -7
-14 -17 -1 -6 -5 -16 9 -12
10 8 9 -2 -2 -22 -39 -9
-3 -6 -5 -15 4 12 15 15
3 -10 -22 15 -17 -15 -33 -58
-27 10 13 21 33 28 44 2
24 -1 -9 2 -9 -25 -20 11
15 9 49 18 16 8 36 14
-18 -13 -30 -12 -16 -19 -24 2
-6 29 19 2 -7 -16 11 10
2 -14 -29 -7 2 5 -27 -18
2 -25 -2 6 -6 6 -17 -8
-20 -82 -25 4 5 14 55 12
4 -8 8 -13 -30 -43 -42 20
-45 58 4 10 15 9 1 -61
10 -2 5 -6 -7 0 -7 -13
-24 12 20 29 22 29 11 22
38 6 -27 -23 -24 -22 -13 -11
15 28 20 -13 -4 20 21 39
-16 -23 -36 16 9 -2 8 9
1 54 59 0 -5 0 4 -10
5 -8 -20 -5 3 7 -3 -27
9 -20 16 -12 -18 -20 -7 2
4 8 11 14 6 3 -2 -8
8 -26 -37 -11 -7 -7 -3 21
-13 22 0 -4 4 -9 -13 -16
9 -30 6 1 -3 -6 9 7
-17 -26 14 11 5 13 2 -8
-2 14 35 -16 -11 -12 -20 -3
20 -1 -17 -10 -4 23 18 5
-21 -11 -11 15 2 3 3 6
14 29 15 -5 -13 -27 -10 8
-21 0 -32 -23 -12 0 9 -17
39 35 17 19 7 8 3 11
-11 6 2 -12 5 8 18 26
-6 -21 -4 1 3 -1 -32 -23
39 73 28 6 -12 -15 -7 14
-24 -39 -21 -1 -5 -9 3 -13
-6 -8 -7 -5 3 6 6 0
-8 40 -31 7 1 -9 3 12
8 19 6 -23 -15 -7 -32 -48
-7 -54 -1 -8 5 10 22 0
8 -14 4 3 -7 -9 -11 2
12 7 12 -2 2 8 18 26
17 -30 -60 -19 -20 -9 2 -15
-2 -2 29 0 -2 -26 -38 19
13 35 -15 -11 -10 -7 -15 -6
-21 -48 16 6 -2 14 28 -3
-2 -4 -9 -2 -5 -20 5 5
-9 53 -2 -17 0 9 -8 -12
5 -32 -15 8 -13 -31 -25 -39
20 25 18 -2 22 45 23 37
-32 -15 25 2 8 -17 -54 -33
8 33 -30 4 -1 17 18 5
5 -13 39 9 -9 3 8 36
-17 -11 -26 13 14 -17 -16 -60
7 -49 -15 2 4 9 13 19
4 -35 -9 15 -4 -8 19 33
9 -4 -11 -9 -5 -5 -9 -8
15 12 -2 -33 -12 -1 -10 10
-37 20 40 17 8 13 0 -21
-38 -88 -50 7 -5 -39 -15 -1
50 67 14 -3 -8 3 29 33
-18 -19 -5 -6 1 -6 -47 -51
16 23 42 22 16 38 67 36
-35 -15 13 -10 -26 -21 -46 -30
-25 -25 -26 -6 26 36 50 -9
-23 -27 -15 -18 -23 -15 -11 -3
18 15 6 7 5 5 -14 -20
8 63 -8 -9 -3 -1 -1 -14
15 16 14 -11 -4 -3 -10 33
11 15 40 -5 3 3 -11 -8
-19 -67 -92 -5 -2 -8 2 5
20 21 17 5 1 2 -7 -1
-12 -7 -14 3 -9 -4 -20 -18
9 7 -2 8 7 -2 9 11
9 60 2 13 -3 -9 5 -4
19 8 5 -8 8 1 9 0
-22 -18 -10 -3 0 15 -3 -16
-19 -34 -4 9 -14 -6 13 20
26 33 2 8 3 -12 -18 -3
-18 28 15 15 3 -5 24 1
-21 -96 13 -3 -16 -19 10 -14
25 14 -18 -18 -2 -8 -52 0
-6 -8 8 22 33 42 7 27
-27 -18 16 -13 5 26 43 -25
-9 24 -18 1 -5 -19 -25 -1
11 -21 2 -11 -11 -15 11 27
16 16 9 -21 -18 -27 -17 -25
14 -17 -7 14 11 10 -10 8
-22 6 -2 -5 6 14 7 -9
19 1 -14 -7 -6 -5 -8 2
-5 -3 6 -8 -11 -9 -7 -6
-4 -2 -1 -24 -13 6 -10 4
39 39 -7 18 11 0 -3 15
-14 -14 -12 -9 -7 7 23 -1
22 24 13 5 -7 -13 -9 19
-18 13 35 8 -12 -17 -17 -20
-1 -24 -9 -1 3 -15 19 4
-29 -5 26 30 22 13 -31 -5
74 -23 -71 -34 -9 19 -16 53
-24 2 4 7 15 40 50 -8
13 14 11 6 8 12 -3 -2
-9 -17 -22 5 -1 -9 33 0
-14 30 19 -16 -13 -26 -10 2
-9 12 28 4 -12 -18 -20 7
-11 -50 -32 -26 7 11 -2 -3
-8 -65 -47 -18 -13 30 -35 -23
-10 4 19 2 -12 -21 16 -1
11 13 5 19 11 -1 -7 0
-21 -10 -12 0 5 12 22 6
10 56 16 6 -4 -16 -5 -5
-21 -19 -2 5 0 0 -5 -17
13 -19 -25 1 14 6 1 22
-9 1 16 -5 -9 -51 -69 -33
16 9 -7 -9 0 44 13 10
-23 17 31 10 9 11 101 40
25 26 14 13 -5 -15 8 -10
12 2 -18 -9 -3 16 -2 28
-2 27 6 -9 7 -16 -24 -29
31 54 10 -3 -4 -1 -23 16
-8 -33 -19 22 25 19 15 8
-16 -6 24 1 -13 -17 -1 7
-6 0 0 -28 -21 -32 -15 -46
-35 -24 -20 3 -2 -1 -12 -32
23 21 -7 -22 -12 -13 -27 0
-4 -14 -14 5 -9 -5 9 2
-24 -1 -8 32 28 16 43 6
-12 -52 -4 13 9 4 -2 -37
12 27 -16 -19 -4 12 -27 16
-12 3 10 11 17 1 22 -3
10 21 28 -4 -16 -24 -5 9
-11 -3 -24 -24 -11 -8 -18 -18
-1 -18 -24 4 -19 -27 -9 18
7 19 -7 -4 20 61 4 -68
