-1 -30 9 3 -2 -5 -5 -3
-8 9 -15 -2 -2 -4 2 5
12 12 21 -11 -7 -5 -7 -2
-4 -2 29 -6 -2 -3 -3 -3
11 -44 -51 -8 -8 1 -3 1
-7 -12 -6 -6 2 2 7 1
-15 -26 -4 0 -4 1 0 -8
18 67 75 -8 0 -7 -4 8
-19 -3 34 5 -5 -14 -22 -35
-5 -35 -27 12 7 3 14 13
4 27 -6 3 -3 -4 -7 6
-9 -16 -40 -1 1 5 0 -5
-9 1 8 -5 3 5 14 13
8 4 -17 -4 -7 -6 -9 -4
9 -7 13 10 3 -12 4 19
-10 -3 -35 -6 -4 4 -12 -25
8 9 -20 -4 -4 0 15 6
-13 10 11 8 9 3 1 -6
8 -40 -38 -3 -7 -2 -10 5
-6 -46 -8 -9 -9 -7 -9 -1
-8 -12 -10 21 16 7 -1 -17
-13 -41 -96 -12 -14 -4 -12 -6
3 79 112 -2 3 7 23 12
-8 -7 -12 -5 -1 -9 -18 -3
-5 -8 -6 3 -4 1 13 12
3 4 2 -9 -6 -3 -7 -2
-11 -16 -39 -2 1 -2 -7 -24
1 -23 -17 4 -4 1 2 1
-10 -19 -13 -2 -3 -6 2 -8
12 26 53 -19 -17 -23 -16 -18
6 4 -2 -6 0 9 13 0
-14 -22 -32 13 8 6 -8 -8
11 0 -23 -7 -4 -4 -2 6
-12 20 17 -9 -12 -6 -4 1
4 -56 -15 19 17 2 1 14
-16 19 47 -13 -7 -2 -14 -10
-10 -19 19 2 -5 8 22 -8
-19 -42 -40 16 6 -4 -25 0
-2 5 -11 1 -4 -1 17 9
6 13 -3 2 7 1 -4 3
-2 -14 -21 5 0 -3 -4 8
-2 3 10 -1 -1 4 1 -23
-8 9 -9 -15 -9 -6 -11 -16
12 3 9 1 -2 -4 15 5
4 56 4 -8 -7 -1 -16 -2
11 6 -12 11 18 12 20 0
-2 -18 -24 5 -6 -9 -14 -2
5 -14 -19 4 -2 -4 -6 2
5 25 69 -9 1 -2 -8 -14
0 -14 -15 -4 6 6 17 34
6 4 12 -2 -2 -1 1 -5
11 18 42 14 7 0 4 8
-10 5 -11 -4 -3 -5 -8 -12
3 -15 -23 3 -7 0 0 -3
-9 14 -6 -22 -7 -2 -7 -6
-17 -16 6 -10 -8 -8 -3 -4
-13 -34 1 11 -2 -4 -8 -2
-4 -7 -16 18 5 6 2 2
-5 29 38 -16 -11 -12 -22 -11
-5 -15 -23 -5 -1 8 30 1
-1 -15 2 2 2 -7 -11 3
-30 -38 9 -2 -6 1 7 10
-10 18 -1 -3 -11 -10 -21 -28
-1 29 1 -13 -1 -1 -1 2
2 0 0 5 2 0 -1 -14
4 -1 -25 -3 2 4 4 3
4 19 3 7 9 7 8 7
-2 -10 0 1 -8 -8 -8 -9
-8 -16 -16 6 11 0 6 20
-6 2 2 -10 -6 -2 -14 -7
-6 -12 -5 18 7 -7 5 -3
-11 0 2 2 2 2 -7 3
-8 -25 -26 -21 -13 -6 -12 -6
39 31 -29 47 34 18 13 15
-25 -42 35 -9 -13 -8 -9 -19
3 -3 18 -15 -6 -2 10 12
9 3 -1 12 4 -2 -12 -6
-3 2 -17 -10 -9 -9 -11 -9
6 4 -10 2 3 9 7 13
5 -28 -16 -3 -10 1 8 8
-9 -9 -10 15 9 11 11 -16
1 -11 10 -1 4 -5 9 22
7 -14 -31 -8 -3 -3 10 16
-4 36 -3 -16 -14 -20 -44 -10
19 20 -4 8 0 11 19 6
-14 23 13 -17 -16 -14 -17 -17
7 -12 -42 5 1 9 12 3
2 25 70 11 8 4 -10 -10
11 -6 -25 -1 11 8 15 28
5 0 47 -20 -6 -7 -13 -16
12 52 20 -8 -9 2 12 15
-4 -17 -59 3 -1 1 6 -9
0 2 -26 6 6 -1 -4 7
-10 -4 41 -1 -3 -3 -1 -28
-21 -23 5 8 9 4 -8 8
19 -37 -48 23 5 -4 10 -10
-2 -8 1 0 -2 9 7 9
5 13 -15 -16 -12 -14 -4 13
12 15 -2 1 0 2 -6 -2
-2 38 -33 -8 -1 1 -1 -4
-11 -52 -23 -12 -10 -6 8 6
-7 14 19 -2 -2 3 -18 -30
-13 -56 -33 1 -4 -6 -14 -5
-21 17 32 -1 9 4 6 16
12 35 31 1 -2 -5 3 18
-6 13 13 -4 -8 3 12 -15
4 10 32 11 6 -3 -6 -6
-16 -66 -56 1 -3 -2 1 -5
-8 5 3 -4 -4 -5 -12 -5
-1 -18 2 16 12 7 14 7
-3 10 10 -14 -10 -10 -20 -19
5 10 15 2 -4 3 23 33
-2 30 25 -4 -3 -6 -11 -30
-9 -19 -29 -7 -11 -11 -16 -22
-3 -9 13 1 2 2 8 3
-9 -3 6 9 0 -4 -12 -28
-6 0 -10 -13 -10 -3 -14 -9
-16 -61 -32 9 2 3 12 25
-17 88 42 -8 3 2 -2 1
0 -41 -9 11 12 5 -10 -7
10 -6 33 1 -6 -2 7 11
0 -5 -28 2 5 9 -3 4
22 43 8 -10 -7 -11 -1 -10
-4 -42 -10 -1 1 -6 -13 -3
-5 12 -14 -4 -4 7 7 11
-4 -18 2 5 4 -3 -5 12
-8 -27 -4 -2 -2 2 -2 -5
-1 47 -10 8 7 5 -6 -5
-1 13 35 -9 -18 -15 -13 -8
-3 14 5 4 -1 -2 3 0
-12 -37 -7 4 4 1 4 16
-8 -17 -22 -10 -11 0 -1 -8
2 18 15 8 17 8 17 14
5 8 -15 3 0 -3 -5 -20
-3 -23 1 4 -4 -2 10 11
3 -2 -3 -21 -17 -6 -8 -4
-11 -48 -4 8 9 -4 2 -3
0 26 -38 -2 1 5 -3 10
13 15 -2 0 1 2 -11 -29
8 -19 -50 3 5 8 21 21
-5 12 15 -4 -3 -3 -6 -12
-13 -14 -22 4 -3 -4 -5 9
8 41 24 -8 -9 -3 -8 -15
-13 12 65 9 -2 2 5 2
12 3 -38 -7 -4 -13 -12 -9
-14 1 -17 -24 -6 -1 14 -7
7 -43 -42 39 9 2 -15 1
-11 -22 26 -11 -12 -9 -10 -25
5 14 38 -2 0 -2 -6 2
10 64 19 -13 -5 1 -6 5
0 -88 -35 7 3 1 13 -11
27 -8 -44 9 11 3 15 10
0 14 12 3 -4 5 3 15
5 4 33 -1 4 -4 2 0
-14 6 -18 -11 -2 -1 5 17
4 14 9 -3 -1 -1 -12 -3
-7 18 -30 -12 -2 -2 3 -11
13 -25 -26 23 -4 25 -5 -16
-1 18 11 -32 -11 -49 -29 13
5 0 1 -14 -7 4 33 10
-28 2 9 -3 -2 -1 4 -3
-4 -14 10 4 -4 -1 -14 -5
-7 -56 30 -21 -14 -4 1 -12
-13 18 -16 -15 -9 -8 -12 -5
12 -30 -4 12 14 4 -3 -10
2 10 51 -16 -6 -6 12 11
-13 -21 -61 -2 -5 6 20 12
2 39 43 22 13 -3 -23 0
-4 22 2 -4 1 10 0 -2
-4 1 15 -3 -5 -11 2 -20
6 41 0 11 12 12 0 13
2 2 -18 -7 -3 -6 -10 -7
5 7 -44 15 0 11 8 19
-10 27 65 3 9 2 -3 0
-36 -54 -39 3 -4 28 18 -22
44 7 76 -14 -11 -37 -6 20
-10 -1 -21 2 -5 0 -9 -13
6 -39 -58 -7 -6 1 25 5
-8 26 53 2 -2 1 -19 -30
-20 -8 -17 -14 -11 8 1 -7
-18 -28 6 17 16 -6 -18 -10
9 40 5 5 -3 -4 -3 6
6 -35 -42 3 9 5 17 19
-25 1 -1 2 -8 4 -14 -29
9 29 23 -6 0 -6 5 10
-5 -63 -26 28 5 5 -17 -25
-9 35 35 1 9 -4 4 8
1 -2 32 5 3 9 21 23
-12 -35 -15 -16 -12 2 2 -18
-17 -2 -29 11 13 3 1 -3
14 47 50 -29 -25 -17 -25 1
2 -9 -54 13 7 17 0 -14
-5 11 -33 -14 -11 -33 -41 -16
9 1 20 -28 -29 -14 23 12
13 7 -23 23 23 7 19 17
-29 -9 -8 -6 -5 -12 -14 -4
9 6 23 -1 -11 11 3 -1
-9 -5 -20 -18 -3 -1 5 -15
-4 6 25 -2 -1 -3 -8 8
8 44 37 2 9 10 -6 -15
-15 -67 -28 11 -1 -8 -14 -4
6 -12 -6 -30 -13 -16 -21 17
-20 -44 -2 2 -8 3 16 -17
19 35 40 19 18 3 -6 19
19 29 -64 9 1 2 12 -13
6 25 74 5 5 -1 -12 43
-1 -13 -66 18 -1 -5 1 -51
-8 -15 17 -25 -15 -9 -10 9
3 -9 -15 3 8 6 19 17
-7 -17 -30 12 12 12 -7 -9
20 33 -23 -12 -3 2 30 14
-20 -30 4 1 -2 -3 -7 -29
0 6 18 4 -5 -11 -20 0
5 -18 -11 -3 1 -5 -10 8
-20 -42 -31 21 8 1 -2 -18
13 28 39 -5 1 15 27 22
-34 -1 48 -23 -5 -1 1 -18
8 28 18 11 3 3 10 23
13 48 45 16 16 11 -3 16
5 -9 -83 -20 -2 -8 -6 -8
-6 -20 52 -11 -5 2 8 -5
0 29 15 -4 -8 -8 -18 -16
0 15 9 7 9 5 24 14
-44 -101 -91 5 -14 -15 -38 -38
14 35 53 18 18 8 5 22
4 -1 -25 -4 4 4 14 -6
1 0 58 -18 -10 -1 -8 23
-6 5 -18 3 0 -8 -8 -26
-7 -9 -28 1 -7 2 6 1
-3 -11 -8 -6 -3 12 9 3
-9 5 -10 7 1 -34 -41 -37
23 26 6 -9 -2 6 50 24
-6 -34 8 -7 -9 1 -12 -15
-7 -7 -40 20 -1 -4 -3 5
28 25 21 -32 -16 0 4 26
-15 -11 47 10 1 3 8 5
5 -6 31 2 -4 -9 -5 -13
0 -9 -16 -8 -6 -8 1 6
8 46 57 -3 -14 -11 -20 5
3 -44 4 23 7 8 -7 -16
4 8 -35 -20 -10 -3 26 18
9 6 -1 2 6 1 -12 17
4 6 -16 -21 -6 -4 -17 -9
-1 48 18 -3 -6 4 18 -18
-4 17 0 -2 1 -9 -8 5
2 17 -17 -29 -3 27 17 -7
-38 -67 -41 17 1 -44 -16 -21
12 23 -21 -1 -3 5 -9 52
7 -2 16 1 -7 -5 2 -13
-25 -32 -33 10 9 -6 3 -18
13 7 57 -3 3 26 25 31
3 32 50 -8 -7 -14 -29 -44
-18 5 -34 1 -5 -1 -11 -23
11 8 8 2 4 -2 -5 -3
-2 -72 -32 -7 1 8 3 3
-15 -47 -44 -1 3 -4 3 12
9 -12 -28 -10 -13 -1 -5 1
-5 -7 10 8 3 -5 -7 -7
-5 19 -68 -15 1 9 3 0
3 2 37 -19 -8 -2 4 0
-1 -4 34 -1 -3 -6 2 7
-13 -31 19 0 -8 -10 -20 -32
4 9 -24 12 2 10 6 8
-6 -12 -16 6 3 -6 1 7
6 12 -39 -2 3 4 2 10
1 -18 29 -17 -11 -12 1 0
-3 -11 23 -18 -22 5 3 3
36 30 -47 -6 1 -8 -1 19
-1 -5 37 15 13 10 18 19
24 -14 -10 8 0 -10 -23 -17
-13 24 45 -3 -19 -2 -13 -44
-14 -31 4 12 3 24 -20 -1
-7 -54 -96 -5 4 -31 20 18
2 13 -9 -7 1 -2 11 16
-3 -27 15 14 2 5 0 0
-2 16 -24 14 20 12 13 5
0 24 60 12 9 12 -17 -15
9 18 4 8 3 3 3 -1
-9 -21 -52 0 9 -1 1 5
-14 -36 -5 7 -5 -7 10 21
-7 -38 -55 -12 -10 -4 -31 -41
-8 30 -6 -19 -15 -15 -5 7
18 17 34 5 3 11 -2 -4
9 10 21 9 -2 -6 8 18
3 27 42 15 0 -4 1 -5
-4 -6 -96 -38 -20 -9 -13 -15
2 2 -15 -18 2 1 -2 11
-4 29 13 7 -3 2 -2 -11
1 -8 25 -5 -1 0 5 -5
-5 -9 18 13 8 -2 0 -3
7 -20 -37 13 14 6 3 6
4 6 -5 -20 -5 -8 -6 1
-6 -26 -14 6 2 14 8 5
-59 16 22 12 4 3 -7 -10
-1 -71 -19 13 -6 -9 3 -9
10 36 -22 -16 -3 -1 -9 -3
15 -15 21 -5 -2 -5 -17 12
13 28 24 7 8 4 23 15
-11 25 61 -10 1 1 7 1
2 -9 -43 9 3 -1 -11 -9
1 23 -2 -3 -3 -1 0 13
10 -3 11 -14 -10 1 12 7
4 15 1 6 2 -1 -17 -29
-19 -43 -40 5 6 3 2 -13
1 30 43 -1 6 1 2 -3
16 -4 69 -13 -17 3 2 17
-29 22 -1 3 0 -8 -9 4
-2 -9 -7 -2 -9 -2 8 2
-7 -1 -11 0 -9 -6 -3 4
-15 -18 -15 12 6 0 3 -16
16 16 4 -18 -8 -1 -5 7
-2 -5 29 0 8 10 -2 -13
-2 -17 -53 -7 -10 -10 -7 -9
13 -24 -35 15 5 1 -15 -7
9 46 40 -1 -1 -3 -3 15
-4 -9 -4 -7 -7 -2 -1 -3
21 5 -18 -2 -3 4 4 14
-14 -13 -32 -1 -2 -4 -9 -17
-12 -18 -33 10 -2 -5 11 10
6 10 23 -1 1 -6 -8 4
-5 0 -24 9 5 7 -5 -33
6 -1 4 3 3 -4 8 26
15 72 1 -14 -4 -2 9 22
-13 -25 -8 -1 -8 -7 2 -40
-9 8 6 5 13 10 -4 0
-12 -22 38 -5 -6 -3 -10 -8
7 -23 21 9 4 4 3 9
-6 -16 8 20 3 0 1 3
0 18 -30 -1 3 -1 22 27
-26 26 71 -15 -7 -4 -13 -25
4 -49 -36 -11 -7 -2 8 -5
-1 15 54 2 -1 -3 -17 -2
0 -24 -47 25 8 5 4 3
20 43 43 -31 -9 -3 -2 1
-5 6 -1 0 -4 -13 -3 -10
-20 -8 -5 -7 2 2 24 22
1 10 -5 -4 6 -3 -20 8
-8 -46 -33 2 -2 1 -17 -50
-8 5 -15 15 7 5 14 35
7 36 1 -11 -5 -6 1 -13
-18 -13 32 -16 -11 4 29 31
-4 17 17 10 3 -7 -27 -15
-22 -15 -12 -1 1 14 5 -28
10 17 -35 21 5 -1 -4 -1
4 15 68 -27 -9 3 10 18
10 -24 -37 7 -5 -5 6 11
3 17 17 -18 -10 -8 -15 -16
-9 -10 -17 -8 2 0 2 5
4 4 -1 -9 -3 -2 -2 -26
-3 -6 -35 2 8 2 -4 23
8 -18 -3 -16 -10 2 -6 -10
12 47 -22 3 5 -2 -10 3
-12 5 25 4 2 -10 -4 7
0 -10 9 -4 -1 6 22 7
-2 3 -4 4 -4 -6 3 0
0 -51 -22 -16 -10 2 -5 27
10 18 0 4 2 3 -2 -10
-11 56 29 1 0 -6 4 11
1 -22 -7 -7 -12 -7 -15 -8
17 -34 -4 11 4 1 -9 -9
-10 11 -26 -24 -12 -3 -3 -10
5 -13 3 3 4 2 11 9
-1 11 -21 -2 7 6 22 19
-4 30 -5 -20 -14 -16 -32 -9
13 -10 -16 0 -11 -16 -8 -5
-7 20 -12 11 18 14 25 12
7 -4 -22 -1 2 -9 -24 -12
-9 -6 48 -5 -3 1 15 19
6 -5 -16 22 1 -2 -22 -19
9 -9 -1 -25 -15 -7 8 14
-1 84 10 5 7 3 -4 -19
-7 -36 -21 -21 -14 -7 4 -3
-8 -13 -35 12 8 3 0 -8
14 40 63 2 -4 -7 -4 6
-10 -33 13 14 -1 1 -16 0
-3 12 -38 9 12 11 6 -17
-15 2 -12 0 6 3 10 5
11 1 -6 3 -1 -5 -19 -16
-1 -13 44 -12 -17 -12 8 16
-12 -18 5 6 7 7 8 -8
-8 -3 6 -2 -3 3 -7 -9
12 -48 -41 -2 -8 -3 -5 -12
-13 -12 9 -9 2 -2 1 5
0 -3 -42 0 -3 -4 16 -3
-23 -6 27 -12 -5 -6 -17 7
19 14 -72 10 -3 -3 -8 -22
-3 -5 40 6 1 6 18 6
12 12 0 9 -5 -10 -10 18
-9 11 66 -21 -10 -8 -14 -24
-12 -8 -35 -17 -19 -3 6 -7
0 -5 -57 21 17 8 -4 15
-2 -21 4 -6 2 1 -1 -1
9 14 42 0 -8 4 4 7
-13 -22 19 20 12 0 1 -22
2 -8 -23 10 7 -1 7 -6
-7 -3 11 -14 -9 -3 -7 3
-5 -18 -50 -16 -15 -2 3 -1
-5 11 3 -1 0 1 -2 9
0 -9 -42 -4 -3 -6 -3 -4
-6 -4 -3 -8 -1 1 -10 -28
1 9 25 -4 -2 1 13 2
7 -12 -19 8 6 2 -3 36
5 -26 18 0 -7 -1 -11 -18
-15 -13 -15 10 7 -3 -4 0
0 -7 -1 6 2 1 6 7
-6 15 -13 -16 -21 -5 -10 -34
9 12 -37 12 20 6 -8 10
-2 -2 15 -7 -4 1 16 5
5 9 45 5 9 3 2 3
-10 -28 31 -10 -4 0 -1 23
11 20 -35 -18 -8 -6 -19 -22
2 5 3 -3 -3 1 1 -3
-8 1 -19 -10 -10 -17 -17 -7
-5 23 -32 15 17 10 -1 14
1 -14 85 -6 -6 -3 0 -24
4 30 38 0 -5 -12 -29 -9
-15 1 -42 2 -1 -1 13 16
17 -34 7 -1 3 1 0 0
-17 -10 -2 -4 -7 -4 -1 4
11 -9 -22 12 -3 1 4 13
-18 -1 -23 -6 1 0 -7 -28
-4 -53 -7 7 7 0 -3 1
-11 -38 -55 2 -8 2 13 9
-2 46 59 -12 -12 -13 -10 -10
9 -32 -42 3 3 9 2 5
3 32 20 3 5 -1 -4 1
12 16 9 -1 -3 -1 -5 3
-15 -23 -20 1 11 4 6 2
6 6 -19 -1 6 12 18 5
2 19 51 -24 -7 -6 -16 -3
-3 -1 5 11 1 -5 -22 -13
-4 8 -1 0 -3 -7 -3 -11
7 -32 -13 2 0 1 6 3
-14 -9 -10 6 -2 -4 -14 9
-17 -1 -34 -21 -5 -2 16 -11
2 31 20 -4 -7 -2 -12 14
4 -36 -22 18 3 -6 -17 -10
2 42 -23 -2 -1 -3 17 3
-6 -46 13 4 5 1 -13 -6
-6 9 13 -11 -3 4 17 4
-3 -42 -18 2 0 5 11 -16
10 3 7 23 6 -3 -17 3
-7 14 20 -23 -9 -10 -12 -19
-16 -6 2 7 5 8 22 20
0 10 13 6 -1 1 3 3
6 14 16 -6 2 -2 15 13
-1 -20 -70 -13 -9 -1 -28 -13
6 -19 18 5 7 6 28 11
7 16 33 2 -4 -15 -24 -7
-20 -28 -35 5 3 22 9 -8
6 25 15 3 1 -2 22 21
3 -3 -4 -6 -7 -7 -8 -2
-1 6 36 2 7 2 -2 -13
0 -5 -9 -5 -1 -1 9 11
-8 4 -31 -4 -1 -2 -5 -5
9 -30 0 -2 -8 -4 -17 -16
-2 -25 23 4 7 4 8 29
-22 -28 -2 -7 -10 -12 -20 -27
31 31 29 20 11 7 10 14
6 3 -8 -5 1 1 7 -2
5 -1 -41 3 -5 2 1 20
-6 11 45 3 3 -5 -4 -31
2 2 31 -9 -4 3 17 13
20 7 -17 7 -5 -5 -12 -7
5 8 -15 -9 0 -2 -13 -6
6 2 -61 22 4 5 11 14
7 5 37 -4 1 -5 -3 -5
5 15 11 -20 -11 0 2 27
-1 -7 -16 -4 -6 -4 -14 -15
-1 -2 -7 9 2 -2 6 -3
-6 -18 13 -5 -2 3 8 -10
-3 -20 -8 2 5 2 -20 16
-10 19 -48 13 7 6 0 -30
12 25 70 -18 -12 -10 -26 -14
1 18 -8 10 1 -3 19 20
-9 -19 -33 -5 4 2 8 -4
12 33 15 -4 -8 -11 -8 14
1 7 1 3 0 1 0 -8
-9 -21 18 5 7 1 -8 -12
-13 31 12 6 -1 -9 -10 -18
3 -42 -29 -2 -4 0 -1 5
-17 -26 -52 -10 -4 9 36 17
-13 -34 37 -9 -6 -4 -30 -7
-11 -22 -16 3 2 0 17 8
-12 22 15 14 10 3 -10 -17
18 17 7 -5 1 3 -2 10
18 22 27 -31 -16 -13 7 4
7 -28 -25 -17 -4 -4 -36 -46
-1 -6 3 -25 -11 -8 13 18
-14 -39 -18 9 -2 -2 -4 -5
-2 23 -32 29 0 4 -18 2
-10 44 27 11 -1 -15 -8 -16
-25 13 10 1 -5 1 13 -18
-22 -34 -24 12 -3 1 -1 -26
-3 27 -24 -15 -2 -4 -29 11
-4 9 1 -10 -13 2 21 19
9 -13 12 25 19 8 -6 1
14 11 15 -39 -10 -8 10 7
-1 9 -5 -5 14 11 17 8
4 17 46 -17 -11 -8 -13 -18
13 -34 -8 -11 6 -3 1 12
20 28 65 2 -4 1 5 -2
-5 -31 -43 9 19 14 10 10
8 1 -11 3 4 5 12 35
-8 6 14 14 -2 -2 -10 -42
-14 13 7 -3 0 -2 -6 5
-1 -28 17 -3 -9 -4 3 -5
-1 -9 11 7 2 -1 -2 -6
-9 21 -4 1 -2 6 9 11
8 -10 -23 5 8 -1 4 34
-54 -19 -26 11 2 -4 -18 -32
4 -24 -23 14 2 8 -2 9
6 8 16 0 -2 -13 -42 -19
11 17 -30 7 0 6 19 3
2 1 1 -5 -12 -9 3 3
-7 -6 -26 -1 -7 2 5 -1
-3 -38 -20 -19 -8 -4 13 16
-2 5 23 -12 -3 -4 -8 12
-1 12 -14 -6 -2 -8 -10 -27
-12 -6 15 1 2 10 -1 -6
10 37 9 -4 -9 -3 12 -1
-5 -43 -45 -15 -4 -3 2 16
4 14 -24 -15 -15 -11 -22 -16
-13 -29 13 -3 3 -2 12 -6
24 1 20 -7 -10 -5 -4 12
-8 -6 -7 17 8 1 -13 -28
-14 -35 -65 8 0 1 7 3
21 43 86 -3 -2 -8 -3 6
6 44 -3 -9 -6 0 6 23
-9 -41 -9 9 1 1 -1 -11
7 8 20 -7 -8 0 17 13
-4 6 -33 -6 3 -3 -14 -23
-11 12 35 -17 -15 -7 -1 4
11 12 22 11 -4 -2 -8 -7
-1 14 42 20 19 6 2 -5
-4 -2 -33 -7 3 2 7 3
0 10 2 -6 -6 -4 2 -3
-2 -40 -52 7 2 2 10 -9
-7 4 30 -10 -7 -4 -20 -8
-2 -27 1 5 0 2 -15 -14
0 -6 -12 -10 -6 -4 14 13
20 30 3 -7 2 1 4 7
-16 21 -7 25 19 11 21 11
10 6 25 -10 -7 -6 -3 -18
-25 -23 -13 -1 1 0 -12 4
-18 11 28 4 0 0 -7 -35
27 16 15 31 14 7 2 22
-39 -61 -73 -4 -4 3 15 -10
7 4 2 -5 6 -1 -15 -17
0 13 42 -19 -7 -4 5 23
4 18 -23 4 -4 1 8 12
3 -14 -1 -4 -3 -2 2 -2
-3 -14 -29 -6 3 1 -17 -35
-17 -23 -1 -6 -4 3 9 14
-5 -21 -13 -10 -13 -6 -3 -11
12 14 4 17 6 -1 -4 5
-5 10 -6 -8 -6 -1 13 16
-8 -20 39 7 5 5 -24 -19
-1 -37 -23 11 1 -3 2 -17
13 22 8 18 8 -3 8 12
-33 -19 2 14 7 4 9 -3
-22 47 -31 -11 -3 -9 -4 -5
11 2 37 -14 -6 -2 -12 15
-27 -55 -58 -2 -5 2 -3 -9
27 33 -18 10 7 5 17 9
8 3 1 -36 -27 -19 -23 -19
-1 -33 -12 -7 -1 -2 6 13
-2 26 1 3 3 2 -4 8
0 -39 -38 -5 3 1 -1 13
-18 -5 -9 20 2 -5 1 -29
22 49 81 -12 -12 -3 0 -14
8 -5 2 -1 1 0 -15 -4
-4 -3 17 -11 -11 -5 -3 9
4 -26 -10 -4 -1 9 13 -6
-9 -20 -15 12 16 -8 8 -5
-11 12 2 -6 -9 -4 4 7
6 2 20 -4 -9 -4 -8 -15
-1 17 6 2 6 1 -12 12
3 24 -23 -20 -8 2 2 -5
-5 -7 -12 -14 -3 -6 -8 4
-8 -14 33 10 -3 -5 -2 -16
-10 -16 -39 -12 -8 -7 -5 12
10 15 -2 1 -1 0 -5 -4
9 -2 -16 7 2 -2 -12 2
-16 -5 -19 2 3 5 1 -7
4 35 4 -13 -12 -8 -9 2
2 2 24 2 -1 0 -1 3
10 15 42 -6 -1 2 3 3
22 18 -13 3 -3 1 3 8
-8 -32 -23 0 1 -3 -5 -3
-20 -42 -48 -3 -3 -2 -8 -12
-19 -1 5 -3 -2 -2 0 -12
-1 -16 6 -14 -6 -7 -16 2
13 6 85 6 7 5 24 29
6 -4 -16 -12 -7 -3 -23 -15
-7 19 13 -2 2 6 12 3
-6 -5 -10 12 4 -5 -5 -5
14 29 -8 8 0 -5 0 8
-28 -56 -39 0 2 -2 6 -1
1 33 42 -15 -10 -5 0 -10
10 -1 11 -6 7 2 -13 7
-4 10 -10 -4 -6 0 1 -13
-8 29 7 8 5 -4 -14 -12
9 -43 -39 27 15 11 24 25
10 36 54 -21 -7 -4 3 -17
9 -11 -19 0 1 0 -5 -6
-7 -8 -17 -5 -6 3 18 11
-11 -4 24 4 -7 -4 -30 -28
-23 -8 -7 16 9 2 2 8
-20 23 13 -4 5 2 7 13
-13 -33 -31 -15 -18 -6 -3 -28
14 64 45 19 10 4 0 5
-20 -64 -74 4 -2 -2 1 -13
22 2 -25 3 -2 -5 -16 -15
26 6 25 -13 3 -1 7 27
8 8 3 -15 -9 -9 -8 -10
1 10 -22 19 8 12 2 -24
13 10 22 -6 7 3 9 7
4 10 -11 2 -2 0 1 20
-6 -30 -28 -14 -2 -2 -1 -3
22 2 9 5 4 -4 3 21
-8 -19 -23 -2 0 -10 -13 -13
2 26 26 2 -1 10 -1 -11
-2 -2 15 0 -4 -7 -2 -5
-7 -29 6 -18 -13 -6 -9 -11
-12 -35 -1 12 0 -2 3 2
13 -4 11 12 5 2 0 8
-8 -9 -42 -22 -9 -3 5 0
21 15 -12 -5 -6 -2 2 17
13 -27 -11 -7 -5 3 -4 -3
-19 -15 10 4 1 -4 -1 -1
12 -6 -41 1 1 5 9 10
-8 16 87 -3 -8 -4 4 3
0 30 31 -4 -5 -2 -10 -12
2 -2 -12 11 9 5 -7 -4
-10 -6 -11 13 10 -3 -5 3
-18 3 5 -11 -6 0 -1 -4
7 -1 -29 3 -3 -5 8 -9
-1 -2 12 -9 -4 -8 8 -7
-10 11 12 -8 1 -3 -7 9
7 6 -13 12 4 -1 -9 -26
-12 7 -22 -19 -16 2 18 13
14 -33 -1 -15 -8 -1 -12 3
-9 -23 14 -7 -16 -15 -16 -23
-2 1 -15 -27 -25 -13 -4 4
15 2 -29 14 23 9 7 22
-7 19 -12 -2 -10 -9 -4 -23
-17 -36 -36 5 -1 0 -1 7
-13 -16 2 -12 -5 -9 -11 -7
-35 -43 8 30 5 4 -12 -19
12 23 32 -5 -6 -1 12 22
5 -37 2 2 -2 6 19 -13
-1 10 -5 11 7 3 -14 21
-10 14 -11 -5 0 -12 -12 -2
10 -6 27 -6 -4 -6 -7 -8
-1 -2 2 5 3 1 0 14
0 -4 28 3 2 -3 10 -36
19 16 20 -15 -5 0 -10 -15
-4 -8 -12 18 19 6 7 6
-10 8 7 -6 -7 -4 -10 -5
-13 -11 7 3 10 7 10 21
5 2 -11 3 -7 -8 -18 -24
-2 46 -9 -15 -6 5 27 12
6 -39 -30 19 12 3 -13 -7
-26 10 37 -10 -6 -6 0 -2
-3 6 -5 -17 -7 -2 -5 -2
-18 3 3 12 6 3 9 9
11 52 -14 -2 4 6 7 8
-18 -41 -13 -3 -1 -12 -1 7
2 6 7 13 7 5 1 4
-9 -49 -17 -5 -10 -2 -7 -2
2 25 26 -20 -13 -9 -13 1
3 2 -15 17 10 6 3 -1
3 28 -1 -2 -4 -5 -1 7
2 -24 -17 -5 -3 4 2 5
-3 -13 6 5 4 0 23 3
4 4 -14 -3 -7 -2 -25 -57
26 1 -12 4 6 0 -9 28
-22 30 57 -3 -10 -3 -3 -3
10 -10 -28 0 8 5 -1 -9
17 25 -26 -3 -2 2 8 17
-11 -6 31 -12 -8 -2 -1 -10
7 3 -28 -8 -3 -3 2 -2
-10 4 -4 5 -10 2 -22 -11
9 10 -16 -5 -3 -7 7 19
-11 -19 -16 -2 -3 0 -4 -11
-11 -65 -18 16 18 6 0 10
3 46 39 -11 -4 -4 9 12
-17 -51 -64 -7 -8 1 -10 -16
-3 -10 23 -4 -5 0 12 7
2 -6 -18 -4 2 -6 -3 -10
6 15 19 -25 -7 -5 -13 -7
5 -6 30 13 -1 2 3 17
-34 0 -15 -13 2 -9 -2 -5
-2 1 -12 -3 -3 6 -2 -11
12 -16 40 11 1 -7 -11 16
4 18 -8 1 1 11 37 0
-13 -19 -5 12 8 2 -25 -23
9 19 -21 16 7 -2 -7 4
-8 30 5 -16 -3 -11 15 -8
0 3 21 0 4 1 -7 0
23 27 18 17 10 7 14 24
-1 -41 -23 -7 3 -1 -5 -7
14 -9 -33 -3 -7 3 -2 7
-16 -10 4 15 8 0 -4 -8
11 22 11 -9 -8 3 13 22
9 6 17 15 6 0 -9 -25
10 -38 -29 4 -5 -6 -7 -2
3 -20 12 3 -5 1 6 8
18 -14 -9 -6 4 2 -1 12
2 23 37 -12 -9 -10 3 -14
-10 -27 -67 -15 -5 4 -1 -6
7 23 -1 0 8 1 -4 5
-6 -20 -1 16 5 3 -2 -6
-13 14 24 -19 -11 -16 -14 -4
8 -3 -21 35 21 10 16 23
0 3 36 -23 -13 -10 -17 -37
-4 5 -16 4 2 5 5 1
3 -10 -15 1 1 -3 -8 6
-22 1 55 5 -4 -1 -3 -5
19 8 -61 5 10 5 4 19
-8 -17 11 -12 -9 -13 4 0
-1 8 -9 -8 -11 0 -9 -10
5 12 30 -12 -3 4 7 5
-15 22 32 3 6 -1 0 -7
-21 4 -2 -5 -16 -7 -15 -23
4 -5 -6 6 6 9 25 30
-7 1 4 8 8 1 -11 -34
11 14 -22 -23 -10 -4 4 16
-29 -22 9 14 10 10 9 1
14 37 -6 5 -9 -8 -17 -16
-9 0 45 -10 -2 0 6 11
8 1 15 -7 -12 -6 -7 5
-7 -11 24 -20 -13 -2 -5 -17
-1 -29 -55 0 0 -8 5 12
-9 11 -8 9 9 2 -2 -10
28 38 42 -7 -3 -4 -11 5
4 8 2 8 7 8 14 9
-26 -11 38 12 14 10 -4 -12
6 6 -8 -17 -17 -10 6 5
-8 -17 -14 22 9 4 -4 -5
10 11 -2 -14 1 -5 -4 -7
0 4 6 3 -1 -1 -16 -2
-10 8 -20 -7 1 -1 3 -22
7 -23 2 11 5 9 13 22
-14 -15 -17 -10 -6 -9 -20 -17
25 15 11 4 -2 -1 1 15
-5 34 7 -2 0 0 -2 -10
-12 -15 -42 -5 -6 -3 -6 2
0 -3 -33 -4 7 3 3 8
-26 15 76 -8 -2 -3 2 5
-15 -26 -16 22 7 -1 -7 1
-21 -19 -35 8 3 11 21 -6
-4 0 18 7 3 -11 -27 -22
-2 -3 -56 -6 1 6 5 -4
0 6 26 -7 -6 -13 -12 -4
2 19 24 1 -3 8 -2 2
11 -17 -45 8 5 -3 16 17
6 6 -22 -12 -10 -2 1 -11
-8 -16 5 -10 -13 -7 -22 -9
-6 24 -10 13 16 1 20 26
18 -7 -5 -10 -7 2 5 -16
15 19 14 3 1 4 7 19
-9 -4 -25 -2 1 -3 -1 3
-2 5 6 -3 -5 -1 -8 -17
-16 -39 0 8 -4 1 -3 -7
-37 -9 2 -10 -1 -3 7 13
9 -1 22 -1 -1 1 -1 5
5 15 -10 1 -4 -3 -17 -16
2 53 54 -36 -7 -5 -1 -4
-5 -17 -1 2 -4 -5 -7 -22
6 -5 -14 -3 -4 0 7 22
-11 -27 -37 -2 -3 -6 -1 3
13 26 -19 -2 4 -2 -6 20
-8 -6 -3 5 -2 0 6 -16
12 17 11 -16 -9 5 -5 1
-4 -14 23 -22 -18 -20 -2 -8
28 60 50 8 8 6 10 21
21 33 3 -6 1 5 1 2
-12 -53 -34 5 2 -4 1 -13
2 -4 -9 -2 -2 -2 -13 -5
-16 -29 -23 18 8 6 -2 -7
-1 -11 -28 6 11 4 9 15
-16 24 3 -24 -20 -7 -1 -2
5 -4 11 -8 1 -6 -18 -26
-13 7 10 -6 -9 -6 11 -10
-9 -15 -1 1 -14 -10 -21 -13
-10 -34 -28 11 8 13 22 10
2 -18 4 -19 -8 -13 -10 1
-12 10 6 5 -1 3 15 25
-9 18 -10 -9 -4 0 -17 -18
1 -48 -20 11 7 -9 1 1
-3 8 44 0 1 6 12 -12
7 -23 -13 9 1 -11 -31 23
-3 4 -5 -1 2 -4 4 3
9 6 16 -10 -18 -9 -9 4
-4 15 -18 2 7 8 -3 -38
-12 -13 -15 0 -11 -9 2 -18
16 28 -17 -15 -9 -2 16 19
-8 -53 -1 4 1 -8 -18 -19
-6 -6 -18 14 1 6 3 10
7 0 -7 -20 -15 -1 4 -11
-1 -13 24 -2 -1 -4 -1 -3
8 57 -13 -4 1 -1 -5 -9
32 -24 -12 10 2 6 16 32
-10 -18 -5 -8 -1 -12 -11 -4
23 44 17 -4 -3 3 8 4
9 3 0 5 15 3 -12 -16
-2 20 13 -7 -3 -10 -10 12
1 -15 -18 -8 -15 0 -3 -10
-8 -28 21 4 13 -2 13 16
1 17 5 2 -1 4 6 2
-6 33 -40 -14 -8 -4 2 6
11 -26 -19 12 9 2 -4 -8
-8 -24 -30 -16 -11 -4 -7 -1
-2 -15 47 -1 -4 -1 4 -7
-14 12 -26 -5 2 7 0 -1
-19 0 -7 5 5 -8 6 -3
-10 -18 -27 -5 -6 -7 -21 -14
17 18 25 20 3 8 28 11
0 -19 19 11 8 5 -18 -33
-4 5 20 -16 -5 -4 -8 3
-1 4 -17 -2 0 1 2 9
13 26 16 1 -6 -3 -3 10
3 -12 21 -6 -6 -7 8 -6
0 -12 -27 6 0 3 -3 -8
-4 27 46 -5 2 1 -3 0
-30 -24 -15 -12 -14 -1 -7 -19
-6 -29 -41 10 2 0 8 5
11 26 39 -19 -10 -3 -3 11
-3 -19 -6 11 6 1 -4 -5
-4 13 -30 6 6 2 -3 -20
1 -2 25 9 3 -5 -5 8
-13 -24 -31 -5 5 6 -3 -5
10 11 44 -6 -7 11 24 5
-7 -2 -39 16 12 -3 -14 14
-8 -6 49 21 18 -5 -5 -2
0 8 -25 -7 -7 2 14 3
-4 -9 10 7 2 0 -18 -31
3 1 7 -10 -1 5 4 17
-11 12 -14 -12 -14 -6 -1 -6
13 10 9 13 6 7 -6 -29
2 -2 -59 2 5 -1 1 -4
1 19 31 -13 -20 -15 -9 7
-1 41 -2 10 14 8 4 7
4 -34 28 -7 -7 -4 2 10
18 53 -5 -8 -6 3 7 14
18 -13 -6 31 18 6 0 -6
-4 -14 5 -8 -6 -3 2 -6
6 20 -19 8 3 -1 -2 9
-19 -62 13 5 -7 -7 -10 -7
0 -2 -1 -6 -2 1 4 22
-14 -7 -47 -9 -10 -6 -30 -42
8 -6 62 7 4 1 30 34
-4 32 35 -5 -12 -11 -11 -12
-10 6 -16 5 12 7 -18 -10
2 -12 -7 -21 -17 -4 14 15
-8 2 -21 13 7 4 -5 0
8 -11 3 13 8 2 5 9
2 53 -7 -12 -5 -3 -2 -8
11 9 6 5 9 10 9 12
-4 -13 -39 9 -1 -6 -7 -1
-7 -34 12 -7 -6 -4 -6 -31
-1 -7 -48 -16 -6 -2 -5 -9
2 -1 36 19 7 0 3 15
14 8 -15 -13 -3 0 0 -11
-1 -10 -24 0 1 3 20 31
-3 2 -11 -4 -7 -11 -6 -1
12 18 21 3 -1 -9 -3 10
12 9 -23 -6 -6 9 11 12
-23 -20 8 4 -1 3 -12 -44
1 -14 8 14 8 -3 6 4
-2 1 -14 -16 -3 -5 10 14
-6 9 36 3 0 -1 -13 -2
-29 -39 -35 -10 2 -6 -9 -13
-2 -29 -23 3 -2 3 12 -9
-18 -78 0 -19 -16 -9 -25 -19
17 39 -12 -15 -10 -7 0 -6
-17 -9 16 23 8 3 -10 16
-7 -20 44 -7 7 4 12 -1
-19 -27 -53 10 2 -1 2 2
8 11 26 15 4 1 -2 5
9 20 -11 -28 -17 -10 -15 -15
-3 22 12 5 4 0 10 5
1 -1 -13 0 0 5 2 -7
-15 -45 -34 0 -10 -12 -6 -5
13 -1 -19 -7 -3 -5 -7 31
-6 4 -5 -23 -15 4 14 -45
-12 13 26 -9 -11 -11 -27 -10
-5 -28 -19 25 22 9 -1 21
4 -1 2 13 -1 -9 -6 -17
24 -5 2 1 -2 2 1 21
-14 -12 14 5 3 7 21 9
10 6 -58 -1 -4 1 -12 -31
0 21 25 -5 3 -4 -4 4
-1 -21 7 4 2 0 -4 18
0 9 -6 3 -3 -7 -19 -42
-25 23 70 -11 -5 -9 6 28
27 45 -3 0 0 10 5 -5
-22 -8 19 -7 -11 -6 7 1
25 10 -19 -10 -4 -1 -22 -4
0 25 -12 21 20 10 15 2
-9 -40 -9 4 1 -3 4 2
13 45 -17 16 8 -1 -11 7
10 41 25 1 -1 -2 11 7
-5 -8 28 -19 -10 9 11 2
-8 7 20 6 4 -6 -6 7
8 32 -15 -6 -6 -7 -6 -14
2 -57 -34 10 13 8 10 19
-5 46 56 -2 -13 -10 -7 -23
5 -42 -57 -18 -13 1 -11 -19
11 17 38 -7 0 -8 -9 12
2 19 1 -2 -7 1 -1 10
-14 -94 -27 4 3 -2 -6 -19
5 43 44 6 0 2 12 16
-5 -48 -22 -8 -2 0 -9 1
-26 -2 -4 -10 -10 -2 27 24
10 -15 3 -3 -5 -3 -22 -15
-3 6 -5 13 10 0 1 0
6 23 -21 -19 -10 -2 1 5
0 -2 -16 -4 -3 3 -1 -7
-3 19 29 -23 -12 -8 -5 -3
5 6 -25 2 0 7 13 4
-11 -4 38 5 0 -5 -13 1
4 -6 -21 -13 -15 -1 4 -2
-7 1 -61 -1 7 3 -2 -3
-1 14 6 -12 -5 4 -6 -3
-7 -16 22 18 13 -2 12 14
0 -7 9 -2 2 6 5 -19
-4 -12 -14 -7 -8 -10 -1 4
-4 -35 3 16 4 11 0 10
5 14 2 7 16 8 0 0
-9 40 12 10 10 -3 -5 -3
18 -3 2 0 0 2 8 -10
7 29 24 -3 -1 -5 -1 4
6 -37 -53 -13 -18 -4 -7 -10
24 49 -14 4 7 1 2 14
-7 12 32 8 1 -2 27 20
-10 -3 -2 -10 -11 -3 -27 -23
-7 -30 -26 4 1 8 4 -3
2 0 40 -1 -3 -1 -6 4
-8 -3 -3 -8 -6 -21 -12 -11
6 -3 -12 4 7 0 1 20
-6 2 2 14 20 15 44 -1
-16 -13 4 4 4 -2 -20 -3
-26 -28 -21 -8 -5 1 -8 -10
20 24 9 14 1 -8 -1 -3
-8 -7 -38 -16 -15 -4 -13 -7
1 26 21 1 -4 -4 0 -8
-26 -15 21 -8 1 5 8 8
